src 	 time 	 tahrs 	 bank 	 attitude 	 heading 	 traw 	 acc[0] 	 acc[1] 	 acc[2] 	 mag[0] 	 mag[1] 	 mag[2] 	 gyr[0] 	 gyr[1] 	 gyr[2]
1 	 8.532249 	 9455370.000000 	 0.000000 	 0.001381 	 541598804080842017687470080.000000 	 9455380.000000 	 0.000000 	 0.001381 	 544016655720071276036882432.000000 	 9455390.000000 	 0.000000 	 0.001381 	 546434507359300534386294784.000000 	 9455400.000000 	 0.000000
1 	 8.536888 	 9455450.000000 	 0.418075 	 -1.174706 	 214.448105 	 9455450.000000 	 -0.156960 	 0.039240 	 -9.927721 	 -1.232836 	 0.459702 	 -0.323881 	 -0.003665 	 0.008552 	 0.020769
1 	 8.544467 	 9455460.000000 	 0.421705 	 -1.169396 	 214.457703 	 9455460.000000 	 -0.156960 	 0.078480 	 -10.006201 	 -1.237313 	 0.453731 	 -0.322388 	 -0.006109 	 0.006109 	 0.017104
1 	 8.559767 	 9455470.000000 	 0.419669 	 -1.171905 	 214.466599 	 9455470.000000 	 -0.235440 	 0.078480 	 -10.006201 	 -1.240299 	 0.456716 	 -0.320896 	 0.003665 	 0.003665 	 0.015882
1 	 8.575199 	 9455480.000000 	 0.409961 	 -1.178639 	 214.476105 	 9455480.000000 	 -0.235440 	 0.000000 	 -9.966961 	 -1.232836 	 0.461194 	 -0.329851 	 0.006109 	 -0.003665 	 0.017104
1 	 8.582807 	 9455490.000000 	 0.404011 	 -1.177401 	 214.486404 	 9455490.000000 	 -0.196200 	 0.078480 	 -9.849240 	 -1.235821 	 0.452239 	 -0.326866 	 0.010996 	 0.004887 	 0.018326
1 	 8.590376 	 9455500.000000 	 0.392473 	 -1.171478 	 214.497269 	 9455500.000000 	 -0.156960 	 0.000000 	 -9.927721 	 -1.238806 	 0.456716 	 -0.322388 	 0.009774 	 0.007330 	 0.019548
1 	 8.598243 	 9455510.000000 	 0.387102 	 -1.171113 	 214.506805 	 9455510.000000 	 -0.196200 	 0.039240 	 -9.810000 	 -1.240299 	 0.456716 	 -0.317910 	 0.004887 	 0.003665 	 0.017104
1 	 8.605933 	 9455521.000000 	 0.384362 	 -1.169098 	 214.518555 	 9455521.000000 	 -0.156960 	 0.078480 	 -9.731521 	 -1.243284 	 0.459702 	 -0.325373 	 0.006109 	 0.001222 	 0.020769
1 	 8.621436 	 9455530.000000 	 0.381630 	 -1.168747 	 214.530975 	 9455530.000000 	 -0.196200 	 0.078480 	 -9.810000 	 -1.234328 	 0.455224 	 -0.320896 	 0.006109 	 0.003665 	 0.021991
1 	 8.629056 	 9455540.000000 	 0.382393 	 -1.162447 	 214.541245 	 9455540.000000 	 -0.156960 	 0.078480 	 -9.810000 	 -1.237313 	 0.456716 	 -0.331343 	 0.000000 	 0.008552 	 0.018326
1 	 8.636684 	 9455550.000000 	 0.382478 	 -1.166326 	 214.552429 	 9455550.000000 	 -0.235440 	 0.078480 	 -9.810000 	 -1.232836 	 0.462687 	 -0.323881 	 0.001222 	 0.001222 	 0.021991
1 	 8.668668 	 9455560.000000 	 0.370518 	 -1.165691 	 214.567429 	 9455560.000000 	 -0.196200 	 -0.039240 	 -9.966961 	 -1.238806 	 0.456716 	 -0.325373 	 0.003665 	 0.003665 	 0.024435
1 	 8.706309 	 9455580.000000 	 0.372250 	 -1.170335 	 214.593872 	 9455580.000000 	 -0.196200 	 0.078480 	 -9.927721 	 -1.238806 	 0.459702 	 -0.323881 	 -0.001222 	 0.002443 	 0.021991
1 	 8.873287 	 9455750.000000 	 0.417293 	 -1.163433 	 214.782043 	 9455750.000000 	 -0.156960 	 0.078480 	 -10.006201 	 -1.237313 	 0.456716 	 -0.325373 	 0.000000 	 0.001222 	 0.018326
1 	 8.880838 	 9455760.000000 	 0.405799 	 -1.162089 	 214.791443 	 9455760.000000 	 -0.196200 	 -0.039240 	 -10.045441 	 -1.231343 	 0.459702 	 -0.329851 	 0.003665 	 0.004887 	 0.017104
1 	 8.888785 	 9455770.000000 	 0.402949 	 -1.170119 	 214.803146 	 9455770.000000 	 -0.313920 	 0.000000 	 -10.006201 	 -1.238806 	 0.452239 	 -0.329851 	 -0.004887 	 0.003665 	 0.023213
1 	 8.896625 	 9455780.000000 	 0.407647 	 -1.173247 	 214.816833 	 9455780.000000 	 -0.274680 	 0.117720 	 -10.006201 	 -1.238806 	 0.449254 	 -0.316418 	 -0.001222 	 0.008552 	 0.021991
1 	 8.912478 	 9455790.000000 	 0.408582 	 -1.183820 	 214.824326 	 9455790.000000 	 -0.353160 	 0.078480 	 -10.006201 	 -1.232836 	 0.456716 	 -0.325373 	 -0.001222 	 0.006109 	 0.013439
1 	 8.928935 	 9455800.000000 	 0.410248 	 -1.194928 	 214.833908 	 9455800.000000 	 -0.353160 	 0.078480 	 -10.006201 	 -1.240299 	 0.453731 	 -0.322388 	 -0.002443 	 0.004887 	 0.017104
1 	 8.936828 	 9455810.000000 	 0.409190 	 -1.199030 	 214.844925 	 9455810.000000 	 -0.274680 	 0.078480 	 -9.888481 	 -1.235821 	 0.461194 	 -0.329851 	 0.002443 	 0.006109 	 0.019548
1 	 8.944741 	 9455820.000000 	 0.408855 	 -1.196346 	 214.853546 	 9455820.000000 	 -0.196200 	 0.078480 	 -9.888481 	 -1.234328 	 0.455224 	 -0.323881 	 0.001222 	 0.007330 	 0.017104
1 	 8.952696 	 9455830.000000 	 0.404472 	 -1.198242 	 214.864731 	 9455830.000000 	 -0.274680 	 0.000000 	 -10.045441 	 -1.234328 	 0.461194 	 -0.323881 	 -0.003665 	 0.009774 	 0.018326
1 	 8.976246 	 9455840.000000 	 0.399240 	 -1.198437 	 214.874878 	 9455840.000000 	 -0.235440 	 0.000000 	 -9.888481 	 -1.234328 	 0.458209 	 -0.331343 	 -0.001222 	 0.007330 	 0.018326
1 	 8.984360 	 9455860.000000 	 0.384070 	 -1.205318 	 214.896851 	 9455860.000000 	 -0.196200 	 -0.039240 	 -9.810000 	 -1.235821 	 0.456716 	 -0.325373 	 0.001222 	 0.003665 	 0.021991
1 	 8.992291 	 9455870.000000 	 0.386914 	 -1.206874 	 214.908569 	 9455870.000000 	 -0.235440 	 0.078480 	 -9.849240 	 -1.247761 	 0.450746 	 -0.316418 	 -0.003665 	 0.004887 	 0.020769
1 	 9.008081 	 9455880.000000 	 0.391425 	 -1.212554 	 214.918259 	 9455880.000000 	 -0.235440 	 0.117720 	 -9.888481 	 -1.232836 	 0.461194 	 -0.325373 	 -0.001222 	 -0.002443 	 0.017104
1 	 9.016082 	 9455890.000000 	 0.389178 	 -1.217303 	 214.930557 	 9455890.000000 	 -0.235440 	 0.000000 	 -9.966961 	 -1.237313 	 0.459702 	 -0.323881 	 -0.006109 	 -0.001222 	 0.021991
1 	 9.023908 	 9455900.000000 	 0.387568 	 -1.217373 	 214.939362 	 9455900.000000 	 -0.196200 	 0.000000 	 -10.006201 	 -1.238806 	 0.455224 	 -0.322388 	 -0.007330 	 0.001222 	 0.015882
1 	 9.039580 	 9455910.000000 	 0.382168 	 -1.220742 	 214.948776 	 9455910.000000 	 -0.235440 	 -0.039240 	 -9.927721 	 -1.238806 	 0.456716 	 -0.325373 	 -0.006109 	 0.001222 	 0.017104
1 	 9.047454 	 9455920.000000 	 0.368172 	 -1.226800 	 214.963684 	 9455920.000000 	 -0.313920 	 -0.078480 	 -9.966961 	 -1.235821 	 0.456716 	 -0.322388 	 0.003665 	 0.007330 	 0.026878
1 	 9.055269 	 9455930.000000 	 0.357352 	 -1.234763 	 214.976578 	 9455930.000000 	 -0.313920 	 -0.039240 	 -9.927721 	 -1.235821 	 0.455224 	 -0.320896 	 0.006109 	 0.002443 	 0.025656
1 	 9.071046 	 9455940.000000 	 0.346704 	 -1.228958 	 214.994034 	 9455940.000000 	 -0.156960 	 0.039240 	 -9.888481 	 -1.232836 	 0.456716 	 -0.322388 	 0.013439 	 0.004887 	 0.028100
1 	 9.078972 	 9455950.000000 	 0.344144 	 -1.223550 	 215.011276 	 9455950.000000 	 -0.156960 	 0.039240 	 -10.006201 	 -1.232836 	 0.452239 	 -0.331343 	 0.001222 	 0.004887 	 0.030543
1 	 9.094891 	 9455960.000000 	 0.344327 	 -1.221689 	 215.023041 	 9455960.000000 	 -0.196200 	 0.039240 	 -9.966961 	 -1.249254 	 0.450746 	 -0.319403 	 -0.003665 	 0.004887 	 0.023213
1 	 9.102731 	 9455970.000000 	 0.343426 	 -1.215872 	 215.039032 	 9455970.000000 	 -0.156960 	 0.078480 	 -10.006201 	 -1.240299 	 0.443284 	 -0.320896 	 0.003665 	 0.004887 	 0.025656
1 	 9.110651 	 9455980.000000 	 0.343290 	 -1.208164 	 215.048615 	 9455980.000000 	 -0.156960 	 0.078480 	 -9.849240 	 -1.232836 	 0.459702 	 -0.331343 	 0.002443 	 0.009774 	 0.017104
1 	 9.118539 	 9455990.000000 	 0.346321 	 -1.206500 	 215.059799 	 9455990.000000 	 -0.196200 	 0.078480 	 -9.966961 	 -1.238806 	 0.456716 	 -0.319403 	 -0.003665 	 0.004887 	 0.021991
1 	 9.126448 	 9456000.000000 	 0.343816 	 -1.203869 	 215.073318 	 9456000.000000 	 -0.196200 	 0.000000 	 -9.888481 	 -1.237313 	 0.452239 	 -0.322388 	 -0.004887 	 0.006109 	 0.021991
1 	 9.142307 	 9456010.000000 	 0.343439 	 -1.199449 	 215.087585 	 9456010.000000 	 -0.156960 	 0.039240 	 -9.927721 	 -1.235821 	 0.455224 	 -0.317910 	 -0.002443 	 0.004887 	 0.028100
1 	 9.150262 	 9456020.000000 	 0.346131 	 -1.200029 	 215.098618 	 9456020.000000 	 -0.196200 	 0.078480 	 -9.849240 	 -1.241791 	 0.459702 	 -0.322388 	 -0.002443 	 0.001222 	 0.019548
1 	 9.158105 	 9456030.000000 	 0.337788 	 -1.201973 	 215.112091 	 9456030.000000 	 -0.196200 	 -0.039240 	 -9.966961 	 -1.232836 	 0.459702 	 -0.326866 	 -0.001222 	 -0.001222 	 0.021991
1 	 9.173986 	 9456040.000000 	 0.337659 	 -1.206298 	 215.118744 	 9456040.000000 	 -0.274680 	 0.000000 	 -9.849240 	 -1.240299 	 0.455224 	 -0.326866 	 -0.008552 	 0.004887 	 0.013439
1 	 9.181829 	 9456050.000000 	 0.334395 	 -1.204065 	 215.127472 	 9456050.000000 	 -0.196200 	 -0.039240 	 -9.810000 	 -1.240299 	 0.458209 	 -0.323881 	 -0.008552 	 0.006109 	 0.015882
1 	 9.189881 	 9456060.000000 	 0.339820 	 -1.198065 	 215.140350 	 9456060.000000 	 -0.156960 	 0.078480 	 -9.849240 	 -1.234328 	 0.456716 	 -0.320896 	 -0.006109 	 0.006109 	 0.020769
1 	 9.205580 	 9456070.000000 	 0.346864 	 -1.191922 	 215.152756 	 9456070.000000 	 -0.196200 	 0.078480 	 -9.692281 	 -1.237313 	 0.453731 	 -0.323881 	 -0.009774 	 0.013439 	 0.021991
1 	 9.213746 	 9456080.000000 	 0.345227 	 -1.193759 	 215.160843 	 9456080.000000 	 -0.235440 	 0.000000 	 -9.810000 	 -1.234328 	 0.456716 	 -0.331343 	 -0.006109 	 0.004887 	 0.014661
1 	 9.221597 	 9456090.000000 	 0.335198 	 -1.201094 	 215.170944 	 9456090.000000 	 -0.235440 	 -0.078480 	 -9.849240 	 -1.237313 	 0.453731 	 -0.319403 	 -0.002443 	 -0.004887 	 0.018326
1 	 9.237464 	 9456100.000000 	 0.317990 	 -1.210597 	 215.181656 	 9456100.000000 	 -0.313920 	 -0.117720 	 -9.770761 	 -1.235821 	 0.453731 	 -0.322388 	 0.004887 	 0.002443 	 0.019548
1 	 9.245312 	 9456110.000000 	 0.317852 	 -1.216301 	 215.191940 	 9456110.000000 	 -0.235440 	 0.039240 	 -9.849240 	 -1.235821 	 0.456716 	 -0.326866 	 -0.002443 	 -0.002443 	 0.018326
1 	 9.261257 	 9456120.000000 	 0.321534 	 -1.225592 	 215.202301 	 9456120.000000 	 -0.274680 	 0.078480 	 -9.966961 	 -1.235821 	 0.449254 	 -0.325373 	 -0.003665 	 -0.003665 	 0.018326
1 	 9.269078 	 9456130.000000 	 0.318236 	 -1.227132 	 215.216003 	 9456130.000000 	 -0.196200 	 0.000000 	 -9.888481 	 -1.241791 	 0.456716 	 -0.329851 	 -0.002443 	 -0.001222 	 0.024435
1 	 9.277060 	 9456140.000000 	 0.315351 	 -1.226480 	 215.230469 	 9456140.000000 	 -0.196200 	 0.039240 	 -9.927721 	 -1.243284 	 0.452239 	 -0.320896 	 0.002443 	 0.002443 	 0.025656
1 	 9.284940 	 9456150.000000 	 0.321892 	 -1.223533 	 215.239426 	 9456150.000000 	 -0.156960 	 0.078480 	 -9.849240 	 -1.240299 	 0.455224 	 -0.323881 	 -0.008552 	 0.001222 	 0.015882
1 	 9.292855 	 9456160.000000 	 0.323678 	 -1.213179 	 215.248993 	 9456160.000000 	 -0.078480 	 0.039240 	 -10.084681 	 -1.237313 	 0.455224 	 -0.326866 	 -0.006109 	 0.002443 	 0.017104
1 	 9.308655 	 9456170.000000 	 0.317055 	 -1.211082 	 215.256836 	 9456170.000000 	 -0.156960 	 -0.039240 	 -10.006201 	 -1.237313 	 0.456716 	 -0.326866 	 -0.001222 	 0.000000 	 0.015882
1 	 9.316583 	 9456180.000000 	 0.309196 	 -1.202929 	 215.269089 	 9456180.000000 	 -0.117720 	 -0.039240 	 -9.927721 	 -1.235821 	 0.453731 	 -0.322388 	 0.000000 	 0.004887 	 0.021991
1 	 9.324456 	 9456190.000000 	 0.299098 	 -1.194096 	 215.281006 	 9456190.000000 	 -0.117720 	 -0.039240 	 -9.927721 	 -1.238806 	 0.450746 	 -0.323881 	 0.002443 	 0.004887 	 0.019548
1 	 9.340314 	 9456200.000000 	 0.296308 	 -1.189776 	 215.290192 	 9456200.000000 	 -0.156960 	 0.000000 	 -9.966961 	 -1.240299 	 0.452239 	 -0.319403 	 -0.002443 	 0.004887 	 0.018326
1 	 9.348152 	 9456210.000000 	 0.294051 	 -1.193015 	 215.299179 	 9456210.000000 	 -0.235440 	 0.039240 	 -10.006201 	 -1.235821 	 0.453731 	 -0.323881 	 0.001222 	 0.002443 	 0.014661
1 	 9.356121 	 9456220.000000 	 0.299849 	 -1.194265 	 215.309601 	 9456220.000000 	 -0.196200 	 0.117720 	 -9.927721 	 -1.238806 	 0.450746 	 -0.319403 	 -0.001222 	 0.000000 	 0.018326
1 	 9.372108 	 9456230.000000 	 0.304669 	 -1.195317 	 215.318405 	 9456230.000000 	 -0.196200 	 0.156960 	 -9.966961 	 -1.240299 	 0.453731 	 -0.320896 	 0.004887 	 0.000000 	 0.017104
1 	 9.379921 	 9456240.000000 	 0.303545 	 -1.199294 	 215.330551 	 9456240.000000 	 -0.235440 	 0.078480 	 -9.966961 	 -1.244776 	 0.447761 	 -0.320896 	 0.004887 	 0.001222 	 0.019548
1 	 9.387732 	 9456250.000000 	 0.300084 	 -1.195183 	 215.341522 	 9456250.000000 	 -0.156960 	 0.039240 	 -9.927721 	 -1.232836 	 0.456716 	 -0.316418 	 0.003665 	 0.003665 	 0.019548
1 	 9.403638 	 9456260.000000 	 0.303371 	 -1.188653 	 215.353958 	 9456260.000000 	 -0.117720 	 0.078480 	 -9.927721 	 -1.241791 	 0.458209 	 -0.316418 	 -0.002443 	 0.002443 	 0.021991
1 	 9.411707 	 9456270.000000 	 0.301673 	 -1.186153 	 215.365585 	 9456270.000000 	 -0.156960 	 0.000000 	 -9.888481 	 -1.240299 	 0.458209 	 -0.326866 	 -0.004887 	 0.001222 	 0.020769
1 	 9.427552 	 9456280.000000 	 0.302434 	 -1.183557 	 215.377258 	 9456280.000000 	 -0.156960 	 0.039240 	 -9.966961 	 -1.238806 	 0.456716 	 -0.325373 	 -0.003665 	 0.001222 	 0.020769
1 	 9.435511 	 9456290.000000 	 0.308408 	 -1.177069 	 215.387604 	 9456290.000000 	 -0.117720 	 0.078480 	 -10.006201 	 -1.244776 	 0.456716 	 -0.325373 	 -0.007330 	 0.002443 	 0.018326
1 	 9.443481 	 9456300.000000 	 0.315071 	 -1.182258 	 215.401443 	 9456300.000000 	 -0.235440 	 0.078480 	 -10.006201 	 -1.237313 	 0.453731 	 -0.326866 	 -0.008552 	 -0.001222 	 0.024435
1 	 9.451481 	 9456310.000000 	 0.320934 	 -1.184085 	 215.412476 	 9456310.000000 	 -0.235440 	 0.078480 	 -9.888481 	 -1.238806 	 0.459702 	 -0.319403 	 -0.007330 	 0.004887 	 0.019548
1 	 9.474972 	 9456320.000000 	 0.324569 	 -1.185128 	 215.422104 	 9456320.000000 	 -0.235440 	 0.078480 	 -9.927721 	 -1.241791 	 0.452239 	 -0.316418 	 -0.003665 	 0.006109 	 0.017104
1 	 9.482987 	 9456340.000000 	 0.336687 	 -1.190989 	 215.444321 	 9456340.000000 	 -0.196200 	 0.156960 	 -9.888481 	 -1.238806 	 0.450746 	 -0.322388 	 0.001222 	 0.001222 	 0.021991
1 	 9.491122 	 9456350.000000 	 0.341932 	 -1.192247 	 215.456833 	 9456350.000000 	 -0.196200 	 0.117720 	 -9.927721 	 -1.237313 	 0.453731 	 -0.322388 	 -0.001222 	 0.000000 	 0.021991
1 	 9.507031 	 9456360.000000 	 0.343102 	 -1.187361 	 215.468002 	 9456360.000000 	 -0.156960 	 0.078480 	 -9.927721 	 -1.238806 	 0.455224 	 -0.325373 	 0.000000 	 0.006109 	 0.021991
1 	 9.515170 	 9456370.000000 	 0.348164 	 -1.191675 	 215.474182 	 9456370.000000 	 -0.274680 	 0.117720 	 -9.849240 	 -1.232836 	 0.456716 	 -0.331343 	 -0.001222 	 0.006109 	 0.010996
1 	 9.522721 	 9456380.000000 	 0.347129 	 -1.199490 	 215.483887 	 9456380.000000 	 -0.274680 	 0.000000 	 -9.810000 	 -1.240299 	 0.459702 	 -0.323881 	 -0.007330 	 0.001222 	 0.015882
1 	 9.538672 	 9456391.000000 	 0.344815 	 -1.203478 	 215.496262 	 9456391.000000 	 -0.235440 	 0.039240 	 -9.849240 	 -1.238806 	 0.453731 	 -0.322388 	 0.001222 	 0.000000 	 0.024435
1 	 9.546559 	 9456400.000000 	 0.330763 	 -1.207612 	 215.508881 	 9456400.000000 	 -0.235440 	 -0.078480 	 -9.810000 	 -1.229851 	 0.458209 	 -0.323881 	 0.002443 	 0.001222 	 0.020769
1 	 9.554533 	 9456410.000000 	 0.324857 	 -1.211467 	 215.523224 	 9456410.000000 	 -0.274680 	 -0.039240 	 -9.927721 	 -1.246269 	 0.452239 	 -0.317910 	 -0.003665 	 0.006109 	 0.025656
1 	 9.570257 	 9456420.000000 	 0.321175 	 -1.209631 	 215.537689 	 9456420.000000 	 -0.196200 	 0.039240 	 -9.927721 	 -1.241791 	 0.455224 	 -0.331343 	 0.003665 	 0.004887 	 0.025656
1 	 9.578193 	 9456430.000000 	 0.312233 	 -1.214216 	 215.553467 	 9456430.000000 	 -0.235440 	 0.000000 	 -10.084681 	 -1.235821 	 0.458209 	 -0.319403 	 0.007330 	 -0.001222 	 0.028100
1 	 9.594303 	 9456440.000000 	 0.306872 	 -1.216578 	 215.567902 	 9456440.000000 	 -0.235440 	 0.000000 	 -10.123920 	 -1.238806 	 0.453731 	 -0.323881 	 0.001222 	 0.002443 	 0.025656
1 	 9.602422 	 9456450.000000 	 0.300273 	 -1.222339 	 215.580872 	 9456450.000000 	 -0.274680 	 0.000000 	 -10.006201 	 -1.229851 	 0.453731 	 -0.325373 	 0.004887 	 0.001222 	 0.025656
1 	 9.610059 	 9456460.000000 	 0.286042 	 -1.226309 	 215.592697 	 9456460.000000 	 -0.274680 	 -0.078480 	 -9.966961 	 -1.237313 	 0.459702 	 -0.325373 	 0.003665 	 0.006109 	 0.019548
1 	 9.618007 	 9456470.000000 	 0.283115 	 -1.231198 	 215.602905 	 9456470.000000 	 -0.274680 	 0.000000 	 -10.006201 	 -1.234328 	 0.458209 	 -0.326866 	 -0.002443 	 0.003665 	 0.018326
1 	 9.641486 	 9456480.000000 	 0.283552 	 -1.234027 	 215.618774 	 9456480.000000 	 -0.274680 	 0.039240 	 -9.927721 	 -1.235821 	 0.449254 	 -0.317910 	 -0.002443 	 0.007330 	 0.028100
1 	 9.649568 	 9456500.000000 	 0.292397 	 -1.240292 	 215.641800 	 9456500.000000 	 -0.196200 	 0.196200 	 -9.888481 	 -1.241791 	 0.449254 	 -0.317910 	 0.003665 	 0.001222 	 0.015882
1 	 9.665612 	 9456510.000000 	 0.307400 	 -1.239689 	 215.651642 	 9456510.000000 	 -0.196200 	 0.196200 	 -9.810000 	 -1.249254 	 0.456716 	 -0.310448 	 -0.006109 	 0.002443 	 0.017104
1 	 9.673406 	 9456520.000000 	 0.321091 	 -1.235786 	 215.661423 	 9456520.000000 	 -0.156960 	 0.156960 	 -9.888481 	 -1.240299 	 0.459702 	 -0.329851 	 -0.009774 	 0.002443 	 0.017104
1 	 9.681349 	 9456530.000000 	 0.322960 	 -1.241303 	 215.671707 	 9456530.000000 	 -0.274680 	 0.039240 	 -9.966961 	 -1.235821 	 0.452239 	 -0.320896 	 -0.006109 	 0.002443 	 0.018326
1 	 9.689310 	 9456540.000000 	 0.330856 	 -1.243698 	 215.684158 	 9456540.000000 	 -0.235440 	 0.078480 	 -9.888481 	 -1.243284 	 0.456716 	 -0.322388 	 -0.010996 	 0.002443 	 0.021991
1 	 9.705107 	 9456550.000000 	 0.337830 	 -1.246030 	 215.695312 	 9456550.000000 	 -0.274680 	 0.078480 	 -9.966961 	 -1.234328 	 0.455224 	 -0.316418 	 -0.010996 	 0.007330 	 0.021991
1 	 9.712978 	 9456560.000000 	 0.342616 	 -1.246431 	 215.705612 	 9456560.000000 	 -0.274680 	 0.078480 	 -10.006201 	 -1.235821 	 0.455224 	 -0.320896 	 -0.006109 	 0.010996 	 0.018326
1 	 9.720863 	 9456570.000000 	 0.344442 	 -1.250359 	 215.721558 	 9456570.000000 	 -0.235440 	 0.039240 	 -9.966961 	 -1.232836 	 0.462687 	 -0.319403 	 -0.006109 	 0.000000 	 0.025656
1 	 9.736699 	 9456581.000000 	 0.347452 	 -1.246572 	 215.732117 	 9456581.000000 	 -0.156960 	 0.078480 	 -9.966961 	 -1.238806 	 0.456716 	 -0.323881 	 -0.003665 	 0.002443 	 0.020769
1 	 9.744647 	 9456590.000000 	 0.355263 	 -1.244211 	 215.743500 	 9456590.000000 	 -0.235440 	 0.117720 	 -10.045441 	 -1.241791 	 0.456716 	 -0.322388 	 -0.004887 	 0.009774 	 0.018326
1 	 9.760409 	 9456600.000000 	 0.363668 	 -1.244047 	 215.751801 	 9456600.000000 	 -0.196200 	 0.117720 	 -9.927721 	 -1.240299 	 0.452239 	 -0.314925 	 -0.007330 	 0.001222 	 0.014661
1 	 9.768225 	 9456610.000000 	 0.372042 	 -1.247877 	 215.762207 	 9456610.000000 	 -0.235440 	 0.117720 	 -9.849240 	 -1.231343 	 0.459702 	 -0.325373 	 -0.007330 	 0.000000 	 0.018326
1 	 9.776204 	 9456620.000000 	 0.376434 	 -1.250101 	 215.774643 	 9456620.000000 	 -0.235440 	 0.078480 	 -9.927721 	 -1.237313 	 0.456716 	 -0.319403 	 -0.006109 	 0.002443 	 0.021991
1 	 9.784120 	 9456630.000000 	 0.368871 	 -1.243001 	 215.786224 	 9456630.000000 	 -0.117720 	 0.000000 	 -9.810000 	 -1.238806 	 0.453731 	 -0.319403 	 0.003665 	 0.002443 	 0.020769
1 	 9.799801 	 9456640.000000 	 0.365918 	 -1.235176 	 215.799164 	 9456640.000000 	 -0.117720 	 0.000000 	 -9.966961 	 -1.237313 	 0.455224 	 -0.319403 	 -0.003665 	 0.004887 	 0.025656
1 	 9.807631 	 9456650.000000 	 0.364353 	 -1.220773 	 215.816589 	 9456650.000000 	 -0.078480 	 0.039240 	 -9.927721 	 -1.240299 	 0.456716 	 -0.314925 	 -0.001222 	 0.007330 	 0.028100
1 	 9.815676 	 9456660.000000 	 0.363545 	 -1.210712 	 215.827560 	 9456660.000000 	 -0.078480 	 0.039240 	 -9.927721 	 -1.238806 	 0.458209 	 -0.329851 	 -0.002443 	 0.002443 	 0.019548
1 	 9.831376 	 9456670.000000 	 0.362747 	 -1.201492 	 215.838501 	 9456670.000000 	 -0.078480 	 0.039240 	 -9.927721 	 -1.232836 	 0.455224 	 -0.329851 	 -0.002443 	 0.001222 	 0.019548
1 	 9.839483 	 9456680.000000 	 0.358862 	 -1.199787 	 215.852890 	 9456680.000000 	 -0.196200 	 0.000000 	 -9.927721 	 -1.241791 	 0.456716 	 -0.320896 	 -0.002443 	 0.004887 	 0.025656
1 	 9.847210 	 9456690.000000 	 0.353276 	 -1.200087 	 215.865097 	 9456690.000000 	 -0.235440 	 -0.039240 	 -9.810000 	 -1.247761 	 0.449254 	 -0.316418 	 -0.004887 	 0.007330 	 0.021991
1 	 9.863173 	 9456700.000000 	 0.346372 	 -1.198471 	 215.879440 	 9456700.000000 	 -0.196200 	 -0.039240 	 -9.888481 	 -1.238806 	 0.458209 	 -0.319403 	 -0.002443 	 0.004887 	 0.025656
1 	 9.870950 	 9456710.000000 	 0.330065 	 -1.206026 	 215.892288 	 9456710.000000 	 -0.274680 	 -0.078480 	 -9.888481 	 -1.232836 	 0.458209 	 -0.322388 	 0.008552 	 0.000000 	 0.023213
1 	 9.878878 	 9456720.000000 	 0.328498 	 -1.207378 	 215.900909 	 9456720.000000 	 -0.235440 	 0.039240 	 -9.888481 	 -1.238806 	 0.455224 	 -0.323881 	 0.000000 	 0.004887 	 0.017104
1 	 9.894651 	 9456730.000000 	 0.327086 	 -1.207972 	 215.913055 	 9456730.000000 	 -0.196200 	 0.078480 	 -9.810000 	 -1.238806 	 0.450746 	 -0.322388 	 0.004887 	 0.001222 	 0.019548
1 	 9.902459 	 9456740.000000 	 0.330461 	 -1.212541 	 215.929092 	 9456740.000000 	 -0.196200 	 0.117720 	 -9.888481 	 -1.232836 	 0.453731 	 -0.329851 	 0.002443 	 -0.006109 	 0.028100
1 	 9.910168 	 9456750.000000 	 0.334982 	 -1.211573 	 215.940399 	 9456750.000000 	 -0.196200 	 0.156960 	 -9.888481 	 -1.232836 	 0.456716 	 -0.322388 	 0.004887 	 0.003665 	 0.021991
1 	 9.926219 	 9456760.000000 	 0.328747 	 -1.208396 	 215.952377 	 9456760.000000 	 -0.156960 	 0.000000 	 -9.927721 	 -1.234328 	 0.458209 	 -0.326866 	 0.001222 	 0.001222 	 0.019548
1 	 9.934006 	 9456771.000000 	 0.318377 	 -1.202979 	 215.963409 	 9456771.000000 	 -0.117720 	 -0.039240 	 -9.927721 	 -1.237313 	 0.453731 	 -0.322388 	 0.006109 	 0.001222 	 0.021991
1 	 9.942083 	 9456780.000000 	 0.308194 	 -1.210538 	 215.976105 	 9456780.000000 	 -0.274680 	 -0.039240 	 -9.849240 	 -1.250746 	 0.447761 	 -0.314925 	 0.002443 	 0.001222 	 0.020769
1 	 9.949780 	 9456790.000000 	 0.305013 	 -1.220270 	 215.988403 	 9456790.000000 	 -0.313920 	 0.000000 	 -9.966961 	 -1.235821 	 0.453731 	 -0.325373 	 -0.002443 	 0.001222 	 0.021991
1 	 9.965823 	 9456800.000000 	 0.306697 	 -1.231521 	 215.996658 	 9456800.000000 	 -0.353160 	 0.078480 	 -10.045441 	 -1.238806 	 0.452239 	 -0.329851 	 0.000000 	 0.003665 	 0.014661
1 	 9.973740 	 9456810.000000 	 0.307052 	 -1.240965 	 216.007690 	 9456810.000000 	 -0.313920 	 0.078480 	 -9.966961 	 -1.231343 	 0.453731 	 -0.320896 	 0.002443 	 0.001222 	 0.019548
1 	 9.981645 	 9456820.000000 	 0.301204 	 -1.244752 	 216.023499 	 9456820.000000 	 -0.235440 	 0.000000 	 -9.888481 	 -1.243284 	 0.453731 	 -0.323881 	 0.002443 	 0.000000 	 0.028100
1 	 9.997374 	 9456830.000000 	 0.307720 	 -1.248934 	 216.037415 	 9456830.000000 	 -0.274680 	 0.117720 	 -9.849240 	 -1.244776 	 0.453731 	 -0.320896 	 -0.002443 	 0.004887 	 0.024435
1 	 10.005345 	 9456840.000000 	 0.321007 	 -1.244210 	 216.045715 	 9456840.000000 	 -0.156960 	 0.117720 	 -9.888481 	 -1.232836 	 0.453731 	 -0.325373 	 -0.014661 	 0.003665 	 0.014661
1 	 10.013272 	 9456850.000000 	 0.331221 	 -1.240679 	 216.053329 	 9456850.000000 	 -0.156960 	 0.117720 	 -10.045441 	 -1.237313 	 0.455224 	 -0.326866 	 -0.009774 	 0.001222 	 0.013439
1 	 10.029178 	 9456860.000000 	 0.336834 	 -1.237039 	 216.060104 	 9456860.000000 	 -0.156960 	 0.078480 	 -9.966961 	 -1.237313 	 0.459702 	 -0.325373 	 -0.008552 	 0.002443 	 0.013439
1 	 10.037043 	 9456870.000000 	 0.348188 	 -1.233518 	 216.068542 	 9456870.000000 	 -0.196200 	 0.156960 	 -10.123920 	 -1.243284 	 0.453731 	 -0.320896 	 -0.004887 	 0.006109 	 0.013439
1 	 10.044898 	 9456880.000000 	 0.348302 	 -1.235113 	 216.080902 	 9456880.000000 	 -0.235440 	 0.039240 	 -10.006201 	 -1.237313 	 0.452239 	 -0.316418 	 -0.003665 	 0.003665 	 0.021991
1 	 10.060695 	 9456890.000000 	 0.349166 	 -1.229779 	 216.093948 	 9456890.000000 	 -0.156960 	 0.039240 	 -9.927721 	 -1.237313 	 0.456716 	 -0.325373 	 -0.004887 	 0.004887 	 0.023213
1 	 10.068629 	 9456900.000000 	 0.353915 	 -1.219094 	 216.105667 	 9456900.000000 	 -0.078480 	 0.078480 	 -9.810000 	 -1.232836 	 0.464179 	 -0.325373 	 -0.006109 	 0.003665 	 0.020769
1 	 10.076475 	 9456910.000000 	 0.355152 	 -1.214124 	 216.113647 	 9456910.000000 	 -0.117720 	 0.039240 	 -9.966961 	 -1.238806 	 0.455224 	 -0.323881 	 -0.006109 	 0.000000 	 0.015882
1 	 10.092289 	 9456920.000000 	 0.360973 	 -1.226384 	 216.125793 	 9456920.000000 	 -0.313920 	 0.078480 	 -9.927721 	 -1.240299 	 0.453731 	 -0.322388 	 -0.007330 	 -0.001222 	 0.019548
1 	 10.100220 	 9456930.000000 	 0.357759 	 -1.229138 	 216.134598 	 9456930.000000 	 -0.235440 	 0.000000 	 -9.810000 	 -1.234328 	 0.459702 	 -0.329851 	 -0.003665 	 0.002443 	 0.015882
1 	 10.108083 	 9456940.000000 	 0.353579 	 -1.228551 	 216.141891 	 9456940.000000 	 -0.196200 	 0.000000 	 -9.927721 	 -1.237313 	 0.458209 	 -0.319403 	 -0.001222 	 0.002443 	 0.014661
1 	 10.116080 	 9456950.000000 	 0.348831 	 -1.221297 	 216.147598 	 9456950.000000 	 -0.156960 	 -0.039240 	 -9.927721 	 -1.241791 	 0.455224 	 -0.320896 	 -0.007330 	 0.007330 	 0.009774
1 	 10.139502 	 9456961.000000 	 0.343160 	 -1.217397 	 216.153564 	 9456961.000000 	 -0.156960 	 -0.039240 	 -9.888481 	 -1.237313 	 0.456716 	 -0.316418 	 -0.003665 	 0.003665 	 0.012217
1 	 10.147513 	 9456980.000000 	 0.543872 	 -1.208109 	 216.176666 	 9456980.000000 	 -0.156960 	 0.156960 	 -9.810000 	 -1.243284 	 0.456716 	 -0.322388 	 -0.001222 	 0.002443 	 0.020769
1 	 10.163510 	 9456990.000000 	 0.538239 	 -1.207504 	 216.185852 	 9456990.000000 	 -0.196200 	 0.039240 	 -10.084681 	 -1.241791 	 0.458209 	 -0.326866 	 0.002443 	 0.002443 	 0.018326
1 	 10.171226 	 9457000.000000 	 0.532982 	 -1.205147 	 216.198593 	 9457000.000000 	 -0.196200 	 0.039240 	 -10.123920 	 -1.234328 	 0.459702 	 -0.325373 	 0.000000 	 0.004887 	 0.020769
1 	 10.179298 	 9457010.000000 	 0.537477 	 -1.207739 	 216.210342 	 9457010.000000 	 -0.235440 	 0.117720 	 -10.045441 	 -1.237313 	 0.459702 	 -0.322388 	 -0.004887 	 0.002443 	 0.020769
1 	 10.195057 	 9457020.000000 	 0.536639 	 -1.215853 	 216.223419 	 9457020.000000 	 -0.313920 	 0.078480 	 -10.084681 	 -1.240299 	 0.453731 	 -0.326866 	 -0.001222 	 0.003665 	 0.023213
1 	 10.202991 	 9457030.000000 	 0.546799 	 -1.218499 	 216.234589 	 9457030.000000 	 -0.235440 	 0.196200 	 -9.927721 	 -1.232836 	 0.461194 	 -0.322388 	 -0.003665 	 0.002443 	 0.019548
1 	 10.210877 	 9457040.000000 	 0.554423 	 -1.224242 	 216.249191 	 9457040.000000 	 -0.274680 	 0.156960 	 -9.927721 	 -1.240299 	 0.456716 	 -0.319403 	 -0.004887 	 0.002443 	 0.025656
1 	 10.226798 	 9457050.000000 	 0.562381 	 -1.232147 	 216.260468 	 9457050.000000 	 -0.313920 	 0.156960 	 -9.966961 	 -1.246269 	 0.455224 	 -0.323881 	 -0.007330 	 0.002443 	 0.021991
1 	 10.234627 	 9457060.000000 	 0.561198 	 -1.241082 	 216.272522 	 9457060.000000 	 -0.313920 	 0.078480 	 -9.888481 	 -1.241791 	 0.453731 	 -0.322388 	 -0.001222 	 0.003665 	 0.019548
1 	 10.242567 	 9457070.000000 	 0.565081 	 -1.247310 	 216.283630 	 9457070.000000 	 -0.274680 	 0.156960 	 -9.888481 	 -1.243284 	 0.453731 	 -0.323881 	 0.001222 	 0.001222 	 0.019548
1 	 10.258332 	 9457080.000000 	 0.572395 	 -1.243950 	 216.294037 	 9457080.000000 	 -0.156960 	 0.156960 	 -9.888481 	 -1.238806 	 0.456716 	 -0.326866 	 -0.004887 	 0.001222 	 0.018326
1 	 10.266394 	 9457090.000000 	 0.578096 	 -1.241957 	 216.302307 	 9457090.000000 	 -0.235440 	 0.156960 	 -9.966961 	 -1.235821 	 0.458209 	 -0.326866 	 -0.002443 	 0.009774 	 0.014661
1 	 10.274279 	 9457100.000000 	 0.582343 	 -1.244230 	 216.316620 	 9457100.000000 	 -0.274680 	 0.117720 	 -9.966961 	 -1.231343 	 0.461194 	 -0.331343 	 -0.006109 	 0.007330 	 0.028100
1 	 10.290139 	 9457110.000000 	 0.588732 	 -1.242362 	 216.336533 	 9457110.000000 	 -0.196200 	 0.156960 	 -9.927721 	 -1.238806 	 0.453731 	 -0.322388 	 -0.002443 	 0.003665 	 0.031765
1 	 10.305698 	 9457120.000000 	 0.579479 	 -1.237030 	 216.350113 	 9457120.000000 	 -0.196200 	 0.000000 	 -10.045441 	 -1.235821 	 0.461194 	 -0.326866 	 0.001222 	 0.009774 	 0.024435
1 	 10.313958 	 9457140.000000 	 0.564320 	 -1.237190 	 216.375427 	 9457140.000000 	 -0.235440 	 0.078480 	 -9.927721 	 -1.243284 	 0.449254 	 -0.319403 	 0.001222 	 0.001222 	 0.023213
1 	 10.329703 	 9457151.000000 	 0.566418 	 -1.242307 	 216.389297 	 9457151.000000 	 -0.235440 	 0.117720 	 -9.927721 	 -1.234328 	 0.455224 	 -0.316418 	 -0.001222 	 -0.002443 	 0.024435
1 	 10.337547 	 9457160.000000 	 0.569857 	 -1.243866 	 216.401718 	 9457160.000000 	 -0.235440 	 0.117720 	 -9.927721 	 -1.238806 	 0.453731 	 -0.320896 	 -0.003665 	 0.003665 	 0.021991
1 	 10.345519 	 9457170.000000 	 0.580244 	 -1.243119 	 216.409393 	 9457170.000000 	 -0.196200 	 0.196200 	 -9.849240 	 -1.232836 	 0.458209 	 -0.326866 	 -0.004887 	 0.002443 	 0.013439
1 	 10.361317 	 9457180.000000 	 0.590827 	 -1.234196 	 216.419556 	 9457180.000000 	 -0.117720 	 0.274680 	 -9.849240 	 -1.235821 	 0.455224 	 -0.325373 	 0.003665 	 0.007330 	 0.019548
1 	 10.369272 	 9457190.000000 	 0.602082 	 -1.226202 	 216.433319 	 9457190.000000 	 -0.156960 	 0.196200 	 -9.810000 	 -1.234328 	 0.453731 	 -0.332836 	 -0.004887 	 0.008552 	 0.021991
1 	 10.377237 	 9457200.000000 	 0.602636 	 -1.225938 	 216.446503 	 9457200.000000 	 -0.235440 	 0.156960 	 -9.888481 	 -1.232836 	 0.455224 	 -0.326866 	 0.006109 	 0.007330 	 0.023213
1 	 10.393069 	 9457210.000000 	 0.590954 	 -1.234324 	 216.457504 	 9457210.000000 	 -0.313920 	 0.000000 	 -10.045441 	 -1.238806 	 0.456716 	 -0.323881 	 0.007330 	 0.001222 	 0.021991
1 	 10.400924 	 9457221.000000 	 0.580482 	 -1.229851 	 216.474091 	 9457221.000000 	 -0.156960 	 0.039240 	 -9.966961 	 -1.234328 	 0.456716 	 -0.331343 	 0.007330 	 0.002443 	 0.026878
1 	 10.408826 	 9457230.000000 	 0.579092 	 -1.234080 	 216.483643 	 9457230.000000 	 -0.274680 	 0.078480 	 -9.927721 	 -1.235821 	 0.450746 	 -0.320896 	 -0.001222 	 0.004887 	 0.017104
1 	 10.424773 	 9457240.000000 	 0.581620 	 -1.237783 	 216.496094 	 9457240.000000 	 -0.235440 	 0.117720 	 -9.966961 	 -1.241791 	 0.452239 	 -0.317910 	 -0.002443 	 0.000000 	 0.021991
1 	 10.432632 	 9457251.000000 	 0.586536 	 -1.237503 	 216.507889 	 9457251.000000 	 -0.196200 	 0.156960 	 -10.006201 	 -1.235821 	 0.453731 	 -0.319403 	 -0.001222 	 0.001222 	 0.020769
1 	 10.440564 	 9457261.000000 	 0.581845 	 -1.241194 	 216.516708 	 9457261.000000 	 -0.235440 	 0.039240 	 -9.966961 	 -1.238806 	 0.455224 	 -0.320896 	 -0.001222 	 0.000000 	 0.015882
1 	 10.456310 	 9457270.000000 	 0.583608 	 -1.233370 	 216.524933 	 9457270.000000 	 -0.117720 	 0.117720 	 -9.888481 	 -1.234328 	 0.455224 	 -0.322388 	 -0.001222 	 0.003665 	 0.014661
1 	 10.464359 	 9457281.000000 	 0.583573 	 -1.234628 	 216.535919 	 9457281.000000 	 -0.196200 	 0.078480 	 -9.966961 	 -1.235821 	 0.458209 	 -0.325373 	 -0.003665 	 -0.001222 	 0.019548
1 	 10.472225 	 9457291.000000 	 0.580362 	 -1.238536 	 216.545792 	 9457291.000000 	 -0.235440 	 0.078480 	 -10.006201 	 -1.234328 	 0.462687 	 -0.329851 	 0.002443 	 -0.001222 	 0.019548
1 	 10.488112 	 9457300.000000 	 0.574946 	 -1.244742 	 216.559341 	 9457300.000000 	 -0.313920 	 0.078480 	 -10.045441 	 -1.237313 	 0.456716 	 -0.329851 	 0.004887 	 0.007330 	 0.021991
1 	 10.495955 	 9457311.000000 	 0.568788 	 -1.250206 	 216.571594 	 9457311.000000 	 -0.274680 	 0.000000 	 -9.888481 	 -1.232836 	 0.459702 	 -0.331343 	 -0.003665 	 0.002443 	 0.021991
1 	 10.503951 	 9457321.000000 	 0.571798 	 -1.252976 	 216.582764 	 9457321.000000 	 -0.274680 	 0.117720 	 -10.006201 	 -1.244776 	 0.452239 	 -0.320896 	 -0.003665 	 0.006109 	 0.021991
1 	 10.511777 	 9457331.000000 	 0.572063 	 -1.246490 	 216.597092 	 9457331.000000 	 -0.196200 	 0.078480 	 -9.888481 	 -1.244776 	 0.452239 	 -0.317910 	 -0.003665 	 0.010996 	 0.023213
1 	 10.527710 	 9457341.000000 	 0.576092 	 -1.246604 	 216.608093 	 9457341.000000 	 -0.235440 	 0.117720 	 -9.927721 	 -1.234328 	 0.462687 	 -0.322388 	 -0.004887 	 0.006109 	 0.019548
1 	 10.535503 	 9457351.000000 	 0.589238 	 -1.259004 	 216.620667 	 9457351.000000 	 -0.353160 	 0.196200 	 -9.927721 	 -1.240299 	 0.453731 	 -0.323881 	 -0.009774 	 0.001222 	 0.021991
1 	 10.543406 	 9457361.000000 	 0.602891 	 -1.266836 	 216.629730 	 9457361.000000 	 -0.313920 	 0.196200 	 -9.849240 	 -1.238806 	 0.456716 	 -0.320896 	 -0.010996 	 0.003665 	 0.015882
1 	 10.559296 	 9457371.000000 	 0.611611 	 -1.273490 	 216.640366 	 9457371.000000 	 -0.274680 	 0.156960 	 -9.810000 	 -1.238806 	 0.459702 	 -0.325373 	 -0.009774 	 -0.001222 	 0.020769
1 	 10.567381 	 9457381.000000 	 0.613155 	 -1.270249 	 216.650192 	 9457381.000000 	 -0.156960 	 0.117720 	 -9.849240 	 -1.241791 	 0.458209 	 -0.326866 	 -0.001222 	 0.000000 	 0.015882
1 	 10.575190 	 9457391.000000 	 0.615203 	 -1.267978 	 216.659149 	 9457391.000000 	 -0.156960 	 0.117720 	 -9.888481 	 -1.232836 	 0.459702 	 -0.326866 	 -0.002443 	 -0.001222 	 0.015882
1 	 10.591113 	 9457401.000000 	 0.613212 	 -1.267395 	 216.670212 	 9457401.000000 	 -0.196200 	 0.039240 	 -9.966961 	 -1.237313 	 0.459702 	 -0.320896 	 -0.006109 	 0.001222 	 0.021991
1 	 10.598968 	 9457411.000000 	 0.615438 	 -1.268653 	 216.682312 	 9457411.000000 	 -0.235440 	 0.117720 	 -9.966961 	 -1.240299 	 0.456716 	 -0.319403 	 -0.002443 	 0.003665 	 0.019548
1 	 10.606927 	 9457421.000000 	 0.613500 	 -1.264871 	 216.690491 	 9457421.000000 	 -0.156960 	 0.078480 	 -9.966961 	 -1.238806 	 0.449254 	 -0.310448 	 -0.001222 	 0.001222 	 0.014661
1 	 10.622667 	 9457431.000000 	 0.608514 	 -1.273860 	 216.701370 	 9457431.000000 	 -0.313920 	 0.039240 	 -9.927721 	 -1.235821 	 0.458209 	 -0.323881 	 -0.001222 	 0.001222 	 0.019548
1 	 10.630680 	 9457441.000000 	 0.606600 	 -1.279891 	 216.713669 	 9457441.000000 	 -0.274680 	 0.039240 	 -9.731521 	 -1.240299 	 0.455224 	 -0.326866 	 -0.006109 	 0.001222 	 0.021991
1 	 10.638574 	 9457451.000000 	 0.605765 	 -1.285762 	 216.726730 	 9457451.000000 	 -0.274680 	 0.078480 	 -9.770761 	 -1.235821 	 0.458209 	 -0.319403 	 -0.002443 	 0.001222 	 0.023213
1 	 10.654385 	 9457461.000000 	 0.602725 	 -1.281839 	 216.739090 	 9457461.000000 	 -0.156960 	 0.078480 	 -9.888481 	 -1.238806 	 0.453731 	 -0.326866 	 0.001222 	 0.001222 	 0.021991
1 	 10.662272 	 9457471.000000 	 0.596569 	 -1.112736 	 216.754440 	 9457471.000000 	 -0.313920 	 0.039240 	 -9.927721 	 -1.237313 	 0.458209 	 -0.325373 	 0.001222 	 0.311541 	 0.030543
1 	 10.670268 	 9457481.000000 	 0.589398 	 -1.119203 	 216.764832 	 9457481.000000 	 -0.274680 	 0.000000 	 -9.966961 	 -1.237313 	 0.455224 	 -0.326866 	 -0.001222 	 0.002443 	 0.020769
1 	 10.685961 	 9457491.000000 	 0.592717 	 -1.124305 	 216.776169 	 9457491.000000 	 -0.235440 	 0.117720 	 -9.966961 	 -1.232836 	 0.458209 	 -0.329851 	 -0.003665 	 0.001222 	 0.018326
1 	 10.693907 	 9457501.000000 	 0.597569 	 -1.116374 	 216.787262 	 9457501.000000 	 -0.078480 	 0.156960 	 -9.849240 	 -1.237313 	 0.456716 	 -0.323881 	 -0.001222 	 0.001222 	 0.019548
1 	 10.701843 	 9457511.000000 	 0.597854 	 -1.119173 	 216.800385 	 9457511.000000 	 -0.196200 	 0.117720 	 -9.810000 	 -1.252239 	 0.449254 	 -0.317910 	 0.001222 	 -0.001222 	 0.025656
1 	 10.717640 	 9457521.000000 	 0.588589 	 -1.121069 	 216.810806 	 9457521.000000 	 -0.235440 	 0.039240 	 -10.045441 	 -1.235821 	 0.453731 	 -0.319403 	 0.004887 	 0.006109 	 0.017104
1 	 10.725677 	 9457531.000000 	 0.588672 	 -1.118771 	 216.820374 	 9457531.000000 	 -0.196200 	 0.117720 	 -10.123920 	 -1.234328 	 0.464179 	 -0.326866 	 0.001222 	 0.007330 	 0.017104
1 	 10.733553 	 9457541.000000 	 0.593935 	 -1.113702 	 216.830414 	 9457541.000000 	 -0.117720 	 0.196200 	 -10.006201 	 -1.235821 	 0.458209 	 -0.325373 	 0.002443 	 0.002443 	 0.019548
1 	 10.741388 	 9457551.000000 	 0.591437 	 -1.104830 	 216.846344 	 9457551.000000 	 -0.078480 	 0.078480 	 -10.006201 	 -1.238806 	 0.455224 	 -0.323881 	 0.000000 	 0.001222 	 0.025656
1 	 10.757248 	 9457561.000000 	 0.576762 	 -1.102268 	 216.856613 	 9457561.000000 	 -0.156960 	 -0.078480 	 -9.927721 	 -1.235821 	 0.458209 	 -0.326866 	 0.002443 	 0.003665 	 0.020769
1 	 10.765118 	 9457571.000000 	 0.554423 	 -1.099248 	 216.869019 	 9457571.000000 	 -0.156960 	 -0.156960 	 -9.888481 	 -1.235821 	 0.453731 	 -0.326866 	 -0.001222 	 0.003665 	 0.020769
1 	 10.772975 	 9457581.000000 	 0.537836 	 -1.097140 	 216.878952 	 9457581.000000 	 -0.156960 	 -0.156960 	 -9.966961 	 -1.238806 	 0.456716 	 -0.326866 	 -0.007330 	 0.002443 	 0.018326
1 	 10.788863 	 9457591.000000 	 0.534832 	 -1.091666 	 216.889404 	 9457591.000000 	 -0.117720 	 0.039240 	 -10.045441 	 -1.235821 	 0.455224 	 -0.323881 	 -0.002443 	 0.003665 	 0.020769
1 	 10.804505 	 9457601.000000 	 0.541122 	 -1.092184 	 216.900497 	 9457601.000000 	 -0.196200 	 0.156960 	 -9.927721 	 -1.241791 	 0.450746 	 -0.322388 	 -0.002443 	 0.003665 	 0.019548
1 	 10.820453 	 9457621.000000 	 0.533505 	 -1.099956 	 216.926270 	 9457621.000000 	 -0.235440 	 0.117720 	 -9.849240 	 -1.235821 	 0.456716 	 -0.323881 	 -0.001222 	 0.003665 	 0.024435
1 	 10.828546 	 9457631.000000 	 0.542332 	 -1.108206 	 216.938721 	 9457631.000000 	 -0.274680 	 0.117720 	 -9.849240 	 -1.231343 	 0.461194 	 -0.326866 	 -0.012217 	 0.001222 	 0.021991
1 	 10.836211 	 9457641.000000 	 0.550684 	 -1.117126 	 216.948410 	 9457641.000000 	 -0.274680 	 0.156960 	 -9.810000 	 -1.234328 	 0.456716 	 -0.322388 	 -0.006109 	 0.000000 	 0.017104
1 	 10.852198 	 9457651.000000 	 0.556163 	 -1.125202 	 216.960236 	 9457651.000000 	 -0.274680 	 0.156960 	 -9.810000 	 -1.241791 	 0.450746 	 -0.323881 	 -0.001222 	 0.001222 	 0.020769
1 	 10.860018 	 9457661.000000 	 0.556342 	 -1.130053 	 216.972656 	 9457661.000000 	 -0.235440 	 0.117720 	 -9.770761 	 -1.229851 	 0.459702 	 -0.325373 	 0.002443 	 0.001222 	 0.021991
1 	 10.868000 	 9457671.000000 	 0.544364 	 -1.132940 	 216.983002 	 9457671.000000 	 -0.235440 	 -0.039240 	 -9.888481 	 -1.240299 	 0.456716 	 -0.322388 	 0.003665 	 0.003665 	 0.020769
1 	 10.883937 	 9457681.000000 	 0.542634 	 -1.138755 	 216.993561 	 9457681.000000 	 -0.235440 	 0.078480 	 -9.888481 	 -1.235821 	 0.455224 	 -0.323881 	 0.000000 	 0.000000 	 0.017104
1 	 10.891956 	 9457691.000000 	 0.543109 	 -1.142384 	 217.001846 	 9457691.000000 	 -0.235440 	 0.156960 	 -10.006201 	 -1.243284 	 0.450746 	 -0.322388 	 0.007330 	 0.002443 	 0.014661
1 	 10.899837 	 9457701.000000 	 0.539467 	 -1.146056 	 217.013535 	 9457701.000000 	 -0.235440 	 0.078480 	 -9.927721 	 -1.240299 	 0.446269 	 -0.316418 	 0.003665 	 0.002443 	 0.020769
1 	 10.907751 	 9457711.000000 	 0.537647 	 -1.149677 	 217.025284 	 9457711.000000 	 -0.235440 	 0.117720 	 -9.927721 	 -1.238806 	 0.458209 	 -0.320896 	 0.006109 	 0.002443 	 0.020769
1 	 10.923646 	 9457721.000000 	 0.543953 	 -1.145421 	 217.034637 	 9457721.000000 	 -0.156960 	 0.156960 	 -9.849240 	 -1.237313 	 0.455224 	 -0.323881 	 -0.003665 	 0.006109 	 0.018326
1 	 10.931429 	 9457731.000000 	 0.540286 	 -1.158018 	 217.045105 	 9457731.000000 	 -0.313920 	 0.039240 	 -9.888481 	 -1.231343 	 0.459702 	 -0.322388 	 -0.002443 	 0.000000 	 0.017104
1 	 10.939376 	 9457741.000000 	 0.538685 	 -1.170870 	 217.054672 	 9457741.000000 	 -0.353160 	 0.078480 	 -10.006201 	 -1.240299 	 0.452239 	 -0.325373 	 0.000000 	 0.002443 	 0.017104
1 	 10.974198 	 9457751.000000 	 0.536714 	 -1.172494 	 217.065811 	 9457751.000000 	 -0.235440 	 0.078480 	 -9.966961 	 -1.237313 	 0.455224 	 -0.320896 	 0.001222 	 0.004887 	 0.021991
1 	 11.010058 	 9457801.000000 	 0.530708 	 -1.155705 	 217.120956 	 9457801.000000 	 -0.156960 	 0.117720 	 -9.966961 	 -1.234328 	 0.456716 	 -0.323881 	 0.002443 	 0.007330 	 0.017104
1 	 11.025948 	 9457811.000000 	 0.529241 	 -1.155915 	 217.130554 	 9457811.000000 	 -0.196200 	 0.078480 	 -10.006201 	 -1.235821 	 0.453731 	 -0.326866 	 0.000000 	 0.002443 	 0.017104
1 	 11.033794 	 9457821.000000 	 0.530195 	 -1.158624 	 217.136688 	 9457821.000000 	 -0.235440 	 0.117720 	 -10.006201 	 -1.238806 	 0.461194 	 -0.331343 	 0.001222 	 0.003665 	 0.010996
1 	 11.041767 	 9457831.000000 	 0.534376 	 -1.161261 	 217.146378 	 9457831.000000 	 -0.235440 	 0.156960 	 -10.006201 	 -1.234328 	 0.458209 	 -0.326866 	 0.001222 	 0.003665 	 0.017104
1 	 11.057641 	 9457841.000000 	 0.544911 	 -1.154142 	 217.156876 	 9457841.000000 	 -0.156960 	 0.235440 	 -9.927721 	 -1.240299 	 0.458209 	 -0.320896 	 0.001222 	 0.009774 	 0.018326
1 	 11.065545 	 9457851.000000 	 0.560182 	 -1.154089 	 217.168076 	 9457851.000000 	 -0.235440 	 0.235440 	 -9.966961 	 -1.232836 	 0.461194 	 -0.329851 	 -0.007330 	 0.008552 	 0.019548
1 	 11.073542 	 9457861.000000 	 0.565800 	 -1.149510 	 217.181152 	 9457861.000000 	 -0.196200 	 0.117720 	 -9.927721 	 -1.244776 	 0.455224 	 -0.326866 	 -0.007330 	 0.010996 	 0.023213
1 	 11.096959 	 9457871.000000 	 0.572086 	 -1.151019 	 217.194962 	 9457871.000000 	 -0.235440 	 0.117720 	 -9.888481 	 -1.244776 	 0.450746 	 -0.319403 	 -0.008552 	 0.006109 	 0.024435
1 	 11.104859 	 9457881.000000 	 0.576825 	 -1.153156 	 217.207382 	 9457881.000000 	 -0.235440 	 0.117720 	 -9.927721 	 -1.238806 	 0.449254 	 -0.323881 	 -0.006109 	 0.004887 	 0.021991
1 	 11.112575 	 9457891.000000 	 0.581474 	 -1.157455 	 217.217026 	 9457891.000000 	 -0.235440 	 0.117720 	 -9.888481 	 -1.240299 	 0.452239 	 -0.322388 	 -0.006109 	 0.001222 	 0.017104
1 	 11.120575 	 9457901.000000 	 0.592520 	 -1.158621 	 217.229584 	 9457901.000000 	 -0.196200 	 0.196200 	 -9.810000 	 -1.237313 	 0.455224 	 -0.323881 	 -0.006109 	 0.001222 	 0.021991
1 	 11.128388 	 9457911.000000 	 0.602082 	 -1.159068 	 217.242218 	 9457911.000000 	 -0.196200 	 0.235440 	 -9.770761 	 -1.237313 	 0.452239 	 -0.326866 	 0.000000 	 0.002443 	 0.024435
1 	 11.136197 	 9457921.000000 	 0.602998 	 -1.158031 	 217.256012 	 9457921.000000 	 -0.196200 	 0.117720 	 -9.849240 	 -1.232836 	 0.461194 	 -0.325373 	 0.000000 	 0.004887 	 0.024435
1 	 11.144060 	 9457931.000000 	 0.595420 	 -1.156354 	 217.271866 	 9457931.000000 	 -0.156960 	 0.039240 	 -9.927721 	 -1.241791 	 0.458209 	 -0.326866 	 0.002443 	 0.000000 	 0.025656
1 	 11.159977 	 9457941.000000 	 0.582810 	 -1.156062 	 217.282211 	 9457941.000000 	 -0.156960 	 -0.039240 	 -10.084681 	 -1.235821 	 0.453731 	 -0.320896 	 0.003665 	 -0.002443 	 0.020769
1 	 11.167789 	 9457951.000000 	 0.576115 	 -1.148546 	 217.291885 	 9457951.000000 	 -0.117720 	 0.039240 	 -10.006201 	 -1.232836 	 0.459702 	 -0.332836 	 0.001222 	 0.003665 	 0.015882
1 	 11.175712 	 9457961.000000 	 0.575088 	 -1.150165 	 217.303619 	 9457961.000000 	 -0.196200 	 0.117720 	 -10.045441 	 -1.246269 	 0.450746 	 -0.319403 	 0.003665 	 0.000000 	 0.020769
1 	 11.191578 	 9457971.000000 	 0.581430 	 -1.142998 	 217.314682 	 9457971.000000 	 -0.156960 	 0.156960 	 -10.045441 	 -1.234328 	 0.459702 	 -0.319403 	 -0.003665 	 0.009774 	 0.019548
1 	 11.199524 	 9457981.000000 	 0.579590 	 -1.146911 	 217.324844 	 9457981.000000 	 -0.274680 	 0.039240 	 -10.006201 	 -1.243284 	 0.456716 	 -0.326866 	 -0.006109 	 0.007330 	 0.018326
1 	 11.207414 	 9457991.000000 	 0.580788 	 -1.158738 	 217.337265 	 9457991.000000 	 -0.353160 	 0.117720 	 -9.849240 	 -1.235821 	 0.453731 	 -0.322388 	 0.000000 	 0.004887 	 0.021991
1 	 11.223285 	 9458001.000000 	 0.583660 	 -1.161206 	 217.347183 	 9458001.000000 	 -0.235440 	 0.117720 	 -9.927721 	 -1.238806 	 0.456716 	 -0.320896 	 -0.003665 	 0.003665 	 0.019548
1 	 11.231140 	 9458011.000000 	 0.587268 	 -1.162520 	 217.359329 	 9458011.000000 	 -0.196200 	 0.117720 	 -9.770761 	 -1.246269 	 0.458209 	 -0.326866 	 -0.003665 	 0.001222 	 0.019548
1 	 11.239064 	 9458021.000000 	 0.592265 	 -1.171023 	 217.371826 	 9458021.000000 	 -0.313920 	 0.156960 	 -9.810000 	 -1.232836 	 0.458209 	 -0.329851 	 -0.001222 	 0.004887 	 0.021991
1 	 11.262786 	 9458031.000000 	 0.597072 	 -1.176839 	 217.381500 	 9458031.000000 	 -0.274680 	 0.156960 	 -9.888481 	 -1.232836 	 0.455224 	 -0.317910 	 -0.001222 	 0.003665 	 0.017104
1 	 11.270720 	 9458041.000000 	 0.599651 	 -1.179953 	 217.393143 	 9458041.000000 	 -0.235440 	 0.078480 	 -9.966961 	 -1.235821 	 0.461194 	 -0.326866 	 -0.008552 	 0.002443 	 0.020769
1 	 11.278503 	 9458051.000000 	 0.600049 	 -1.176679 	 217.403656 	 9458051.000000 	 -0.117720 	 0.078480 	 -9.966961 	 -1.235821 	 0.455224 	 -0.316418 	 -0.004887 	 -0.002443 	 0.020769
1 	 11.286583 	 9458061.000000 	 0.596045 	 -1.184474 	 217.419586 	 9458061.000000 	 -0.274680 	 0.078480 	 -9.888481 	 -1.232836 	 0.452239 	 -0.325373 	 0.002443 	 0.001222 	 0.025656
1 	 11.294338 	 9458071.000000 	 0.590201 	 -1.178898 	 217.432632 	 9458071.000000 	 -0.156960 	 0.078480 	 -10.045441 	 -1.235821 	 0.452239 	 -0.326866 	 0.006109 	 0.006109 	 0.023213
1 	 11.302306 	 9458081.000000 	 0.591312 	 -1.175231 	 217.442612 	 9458081.000000 	 -0.156960 	 0.156960 	 -10.045441 	 -1.237313 	 0.456716 	 -0.320896 	 0.004887 	 0.003665 	 0.019548
1 	 11.310221 	 9458091.000000 	 0.581530 	 -1.178357 	 217.454620 	 9458091.000000 	 -0.196200 	 0.039240 	 -9.927721 	 -1.237313 	 0.452239 	 -0.322388 	 0.006109 	 -0.002443 	 0.019548
1 	 11.326094 	 9458101.000000 	 0.577143 	 -1.177615 	 217.466431 	 9458101.000000 	 -0.117720 	 0.078480 	 -9.966961 	 -1.229851 	 0.456716 	 -0.325373 	 0.004887 	 -0.007330 	 0.023213
1 	 11.333965 	 9458111.000000 	 0.567314 	 -1.169391 	 217.477280 	 9458111.000000 	 -0.078480 	 0.000000 	 -10.006201 	 -1.234328 	 0.458209 	 -0.322388 	 0.002443 	 0.000000 	 0.019548
1 	 11.341935 	 9458121.000000 	 0.546686 	 -1.163049 	 217.488266 	 9458121.000000 	 -0.156960 	 -0.078480 	 -9.888481 	 -1.235821 	 0.462687 	 -0.329851 	 0.007330 	 0.007330 	 0.018326
1 	 11.357683 	 9458131.000000 	 0.531918 	 -1.160479 	 217.495392 	 9458131.000000 	 -0.156960 	 -0.078480 	 -9.888481 	 -1.238806 	 0.450746 	 -0.322388 	 0.003665 	 0.002443 	 0.014661
1 	 11.365792 	 9458141.000000 	 0.520226 	 -1.165271 	 217.503372 	 9458141.000000 	 -0.235440 	 -0.039240 	 -9.966961 	 -1.238806 	 0.458209 	 -0.319403 	 0.001222 	 0.000000 	 0.014661
1 	 11.373621 	 9458151.000000 	 0.517616 	 -1.169606 	 217.514648 	 9458151.000000 	 -0.235440 	 0.039240 	 -10.006201 	 -1.244776 	 0.450746 	 -0.320896 	 -0.003665 	 0.001222 	 0.018326
1 	 11.389161 	 9458161.000000 	 0.514694 	 -1.166553 	 217.527649 	 9458161.000000 	 -0.156960 	 0.039240 	 -9.927721 	 -1.234328 	 0.459702 	 -0.325373 	 -0.002443 	 0.002443 	 0.023213
1 	 11.397078 	 9458171.000000 	 0.509726 	 -1.162837 	 217.541382 	 9458171.000000 	 -0.156960 	 0.039240 	 -9.927721 	 -1.238806 	 0.458209 	 -0.325373 	 0.001222 	 0.003665 	 0.024435
1 	 11.404965 	 9458181.000000 	 0.507499 	 -1.160922 	 217.550171 	 9458181.000000 	 -0.196200 	 0.039240 	 -9.966961 	 -1.238806 	 0.455224 	 -0.319403 	 -0.003665 	 0.006109 	 0.015882
1 	 11.428756 	 9458191.000000 	 0.512747 	 -1.161006 	 217.557022 	 9458191.000000 	 -0.196200 	 0.156960 	 -10.045441 	 -1.243284 	 0.456716 	 -0.323881 	 -0.001222 	 0.002443 	 0.013439
1 	 11.436586 	 9458201.000000 	 0.517916 	 -1.159561 	 217.566071 	 9458201.000000 	 -0.196200 	 0.117720 	 -10.045441 	 -1.237313 	 0.456716 	 -0.319403 	 -0.004887 	 0.004887 	 0.014661
1 	 11.444612 	 9458211.000000 	 0.517363 	 -1.155202 	 217.574722 	 9458211.000000 	 -0.117720 	 0.078480 	 -10.045441 	 -1.235821 	 0.455224 	 -0.329851 	 -0.001222 	 0.000000 	 0.017104
1 	 11.452484 	 9458221.000000 	 0.520544 	 -1.150627 	 217.586807 	 9458221.000000 	 -0.117720 	 0.078480 	 -10.084681 	 -1.229851 	 0.456716 	 -0.322388 	 -0.007330 	 -0.001222 	 0.019548
1 	 11.460395 	 9458231.000000 	 0.517176 	 -1.152285 	 217.599213 	 9458231.000000 	 -0.196200 	 0.078480 	 -10.006201 	 -1.238806 	 0.450746 	 -0.320896 	 0.003665 	 0.000000 	 0.021991
1 	 11.484012 	 9458241.000000 	 0.521253 	 -1.147391 	 217.610229 	 9458241.000000 	 -0.156960 	 0.117720 	 -9.927721 	 -1.241791 	 0.455224 	 -0.317910 	 -0.003665 	 0.006109 	 0.019548
1 	 11.492054 	 9458261.000000 	 0.510690 	 -1.176926 	 217.634079 	 9458261.000000 	 -0.392400 	 -0.039240 	 -9.849240 	 -1.234328 	 0.459702 	 -0.326866 	 0.000000 	 0.007330 	 0.019548
1 	 11.500065 	 9458271.000000 	 0.506517 	 -1.186545 	 217.642578 	 9458271.000000 	 -0.353160 	 0.000000 	 -9.888481 	 -1.234328 	 0.455224 	 -0.319403 	 -0.004887 	 0.006109 	 0.017104
1 	 11.515717 	 9458281.000000 	 0.507091 	 -1.194678 	 217.660019 	 9458281.000000 	 -0.313920 	 0.078480 	 -9.849240 	 -1.237313 	 0.450746 	 -0.320896 	 -0.002443 	 0.006109 	 0.028100
1 	 11.523808 	 9458291.000000 	 0.503947 	 -1.197011 	 217.669601 	 9458291.000000 	 -0.235440 	 0.078480 	 -9.888481 	 -1.232836 	 0.462687 	 -0.319403 	 0.003665 	 0.003665 	 0.017104
1 	 11.531596 	 9458301.000000 	 0.495454 	 -1.200202 	 217.680634 	 9458301.000000 	 -0.235440 	 0.000000 	 -9.966961 	 -1.240299 	 0.458209 	 -0.319403 	 0.003665 	 0.001222 	 0.021991
1 	 11.539598 	 9458311.000000 	 0.480948 	 -1.206772 	 217.694031 	 9458311.000000 	 -0.274680 	 -0.039240 	 -9.966961 	 -1.238806 	 0.458209 	 -0.331343 	 0.004887 	 0.002443 	 0.021991
1 	 11.555325 	 9458321.000000 	 0.480724 	 -1.207442 	 217.705231 	 9458321.000000 	 -0.235440 	 0.117720 	 -9.888481 	 -1.241791 	 0.450746 	 -0.319403 	 0.004887 	 0.006109 	 0.021991
1 	 11.563299 	 9458331.000000 	 0.482765 	 -1.208615 	 217.718964 	 9458331.000000 	 -0.196200 	 0.117720 	 -9.888481 	 -1.237313 	 0.452239 	 -0.317910 	 0.001222 	 0.000000 	 0.021991
1 	 11.571157 	 9458341.000000 	 0.478174 	 -1.206218 	 217.732697 	 9458341.000000 	 -0.156960 	 0.039240 	 -10.045441 	 -1.235821 	 0.453731 	 -0.323881 	 0.001222 	 0.000000 	 0.024435
1 	 11.595001 	 9458351.000000 	 0.474699 	 -1.205709 	 217.744385 	 9458351.000000 	 -0.196200 	 0.078480 	 -10.006201 	 -1.232836 	 0.458209 	 -0.326866 	 0.004887 	 0.002443 	 0.020769
1 	 11.602845 	 9458361.000000 	 0.457920 	 -1.206677 	 217.755829 	 9458361.000000 	 -0.196200 	 -0.078480 	 -9.966961 	 -1.234328 	 0.458209 	 -0.326866 	 0.006109 	 0.000000 	 0.020769
1 	 11.610784 	 9458371.000000 	 0.452854 	 -1.206283 	 217.761154 	 9458371.000000 	 -0.196200 	 0.039240 	 -9.966961 	 -1.235821 	 0.447761 	 -0.322388 	 0.002443 	 0.002443 	 0.009774
1 	 11.618587 	 9458381.000000 	 0.448272 	 -1.199909 	 217.768631 	 9458381.000000 	 -0.156960 	 0.078480 	 -9.966961 	 -1.244776 	 0.453731 	 -0.320896 	 0.007330 	 0.007330 	 0.013439
1 	 11.626635 	 9458391.000000 	 0.447401 	 -1.186389 	 217.779648 	 9458391.000000 	 -0.039240 	 0.078480 	 -9.849240 	 -1.235821 	 0.450746 	 -0.322388 	 0.001222 	 0.003665 	 0.019548
1 	 11.650215 	 9458401.000000 	 0.443040 	 -1.180157 	 217.791214 	 9458401.000000 	 -0.117720 	 0.000000 	 -9.810000 	 -1.238806 	 0.453731 	 -0.322388 	 -0.003665 	 0.002443 	 0.020769
1 	 11.658316 	 9458421.000000 	 0.440064 	 -1.165566 	 217.809616 	 9458421.000000 	 -0.117720 	 0.000000 	 -9.888481 	 -1.246269 	 0.450746 	 -0.311940 	 -0.004887 	 0.004887 	 0.017104
1 	 11.666241 	 9458431.000000 	 0.438786 	 -1.147789 	 217.817047 	 9458431.000000 	 0.000000 	 0.039240 	 -9.966961 	 -1.244776 	 0.456716 	 -0.323881 	 -0.003665 	 0.006109 	 0.013439
1 	 11.682368 	 9458441.000000 	 0.440413 	 -1.141295 	 217.824600 	 9458441.000000 	 -0.117720 	 0.117720 	 -9.888481 	 -1.237313 	 0.455224 	 -0.323881 	 0.002443 	 0.003665 	 0.013439
1 	 11.690222 	 9458451.000000 	 0.442827 	 -1.132747 	 217.837753 	 9458451.000000 	 -0.117720 	 0.117720 	 -9.888481 	 -1.238806 	 0.455224 	 -0.329851 	 0.001222 	 0.007330 	 0.023213
1 	 11.698084 	 9458461.000000 	 0.446223 	 -1.132887 	 217.847092 	 9458461.000000 	 -0.196200 	 0.117720 	 -9.810000 	 -1.232836 	 0.456716 	 -0.319403 	 -0.001222 	 0.003665 	 0.018326
1 	 11.714011 	 9458471.000000 	 0.443743 	 -1.125240 	 217.859161 	 9458471.000000 	 -0.117720 	 0.078480 	 -9.849240 	 -1.243284 	 0.458209 	 -0.323881 	 0.003665 	 0.004887 	 0.019548
1 	 11.721973 	 9458481.000000 	 0.435551 	 -1.122265 	 217.870102 	 9458481.000000 	 -0.156960 	 0.039240 	 -9.849240 	 -1.232836 	 0.459702 	 -0.331343 	 0.008552 	 0.003665 	 0.019548
1 	 11.729840 	 9458491.000000 	 0.429577 	 -1.114869 	 217.881821 	 9458491.000000 	 -0.117720 	 0.039240 	 -9.849240 	 -1.246269 	 0.461194 	 -0.323881 	 0.006109 	 0.007330 	 0.023213
1 	 11.737773 	 9458501.000000 	 0.422978 	 -1.109698 	 217.890793 	 9458501.000000 	 -0.117720 	 0.039240 	 -9.927721 	 -1.240299 	 0.452239 	 -0.317910 	 0.004887 	 0.001222 	 0.014661
1 	 11.761557 	 9458511.000000 	 0.410880 	 -1.106018 	 217.895447 	 9458511.000000 	 -0.117720 	 -0.078480 	 -10.045441 	 -1.238806 	 0.452239 	 -0.317910 	 0.001222 	 0.000000 	 0.009774
1 	 11.769330 	 9458521.000000 	 0.406838 	 -1.106355 	 217.903625 	 9458521.000000 	 -0.196200 	 0.039240 	 -9.966961 	 -1.238806 	 0.458209 	 -0.319403 	 0.001222 	 0.003665 	 0.013439
1 	 11.777290 	 9458531.000000 	 0.408300 	 -1.108145 	 217.916107 	 9458531.000000 	 -0.196200 	 0.117720 	 -9.888481 	 -1.238806 	 0.453731 	 -0.320896 	 0.003665 	 0.001222 	 0.021991
1 	 11.785331 	 9458541.000000 	 0.410473 	 -1.101721 	 217.931396 	 9458541.000000 	 -0.078480 	 0.117720 	 -9.927721 	 -1.240299 	 0.456716 	 -0.316418 	 0.002443 	 -0.001222 	 0.026878
1 	 11.793107 	 9458551.000000 	 0.415162 	 -1.102341 	 217.946030 	 9458551.000000 	 -0.196200 	 0.156960 	 -9.770761 	 -1.241791 	 0.458209 	 -0.329851 	 0.003665 	 0.003665 	 0.025656
1 	 11.801168 	 9458561.000000 	 0.417520 	 -1.108498 	 217.956329 	 9458561.000000 	 -0.274680 	 0.078480 	 -9.849240 	 -1.238806 	 0.458209 	 -0.326866 	 -0.003665 	 0.004887 	 0.018326
1 	 11.817004 	 9458571.000000 	 0.413335 	 -1.113044 	 217.967377 	 9458571.000000 	 -0.235440 	 0.000000 	 -9.810000 	 -1.240299 	 0.456716 	 -0.320896 	 -0.002443 	 0.001222 	 0.021991
1 	 11.824752 	 9458581.000000 	 0.412448 	 -1.128099 	 217.978668 	 9458581.000000 	 -0.353160 	 0.039240 	 -9.888481 	 -1.235821 	 0.459702 	 -0.323881 	 -0.003665 	 0.002443 	 0.018326
1 	 11.832570 	 9458591.000000 	 0.409821 	 -1.134823 	 217.986771 	 9458591.000000 	 -0.235440 	 0.000000 	 -9.927721 	 -1.240299 	 0.452239 	 -0.316418 	 -0.006109 	 -0.002443 	 0.014661
1 	 11.848514 	 9458601.000000 	 0.415082 	 -1.140225 	 217.997070 	 9458601.000000 	 -0.235440 	 0.078480 	 -9.810000 	 -1.247761 	 0.446269 	 -0.310448 	 -0.008552 	 0.000000 	 0.018326
1 	 11.856463 	 9458611.000000 	 0.417470 	 -1.144151 	 218.007401 	 9458611.000000 	 -0.235440 	 0.078480 	 -9.810000 	 -1.235821 	 0.453731 	 -0.320896 	 -0.003665 	 0.002443 	 0.018326
1 	 11.864340 	 9458621.000000 	 0.421547 	 -1.151469 	 218.016388 	 9458621.000000 	 -0.235440 	 0.117720 	 -9.849240 	 -1.237313 	 0.452239 	 -0.317910 	 -0.001222 	 -0.003665 	 0.015882
1 	 11.880083 	 9458631.000000 	 0.426773 	 -1.156976 	 218.031021 	 9458631.000000 	 -0.274680 	 0.156960 	 -9.810000 	 -1.234328 	 0.452239 	 -0.326866 	 0.002443 	 0.004887 	 0.025656
1 	 11.887984 	 9458641.000000 	 0.433248 	 -1.163062 	 218.042862 	 9458641.000000 	 -0.274680 	 0.156960 	 -9.849240 	 -1.234328 	 0.450746 	 -0.322388 	 0.000000 	 0.003665 	 0.020769
1 	 11.895869 	 9458651.000000 	 0.425965 	 -1.164031 	 218.051956 	 9458651.000000 	 -0.196200 	 -0.039240 	 -9.849240 	 -1.232836 	 0.459702 	 -0.329851 	 -0.002443 	 0.001222 	 0.018326
1 	 11.911710 	 9458661.000000 	 0.418413 	 -1.160924 	 218.066238 	 9458661.000000 	 -0.156960 	 0.000000 	 -9.849240 	 -1.232836 	 0.459702 	 -0.323881 	 0.001222 	 0.002443 	 0.023213
1 	 11.927513 	 9458671.000000 	 0.415024 	 -1.162223 	 218.074432 	 9458671.000000 	 -0.235440 	 0.078480 	 -9.966961 	 -1.234328 	 0.461194 	 -0.325373 	 0.006109 	 0.006109 	 0.014661
1 	 11.935519 	 9458681.000000 	 0.406591 	 -1.160401 	 218.082886 	 9458681.000000 	 -0.196200 	 -0.039240 	 -10.045441 	 -1.241791 	 0.450746 	 -0.322388 	 0.000000 	 0.006109 	 0.017104
1 	 11.943381 	 9458691.000000 	 0.400333 	 -1.150531 	 218.093384 	 9458691.000000 	 -0.117720 	 0.039240 	 -10.006201 	 -1.247761 	 0.447761 	 -0.311940 	 0.004887 	 0.007330 	 0.017104
1 	 11.951374 	 9458701.000000 	 0.406337 	 -1.154077 	 218.101730 	 9458701.000000 	 -0.235440 	 0.156960 	 -9.966961 	 -1.235821 	 0.453731 	 -0.322388 	 0.001222 	 0.002443 	 0.014661
1 	 11.959200 	 9458711.000000 	 0.407441 	 -1.158814 	 218.112717 	 9458711.000000 	 -0.274680 	 0.078480 	 -9.849240 	 -1.238806 	 0.453731 	 -0.322388 	 -0.001222 	 0.006109 	 0.019548
1 	 11.967172 	 9458721.000000 	 0.406778 	 -1.163594 	 218.127884 	 9458721.000000 	 -0.235440 	 0.039240 	 -9.966961 	 -1.240299 	 0.455224 	 -0.317910 	 -0.003665 	 0.000000 	 0.026878
1 	 11.983006 	 9458731.000000 	 0.408972 	 -1.168128 	 218.139038 	 9458731.000000 	 -0.274680 	 0.078480 	 -10.006201 	 -1.237313 	 0.453731 	 -0.322388 	 -0.003665 	 0.004887 	 0.021991
1 	 11.990907 	 9458741.000000 	 0.403534 	 -1.163819 	 218.148804 	 9458741.000000 	 -0.117720 	 0.039240 	 -9.849240 	 -1.238806 	 0.455224 	 -0.326866 	 0.003665 	 -0.001222 	 0.015882
1 	 11.998730 	 9458751.000000 	 0.403954 	 -1.146874 	 218.159790 	 9458751.000000 	 0.000000 	 0.078480 	 -9.888481 	 -1.229851 	 0.459702 	 -0.326866 	 0.000000 	 0.004887 	 0.019548
1 	 12.014737 	 9458761.000000 	 0.410030 	 -1.136577 	 218.169830 	 9458761.000000 	 -0.039240 	 0.156960 	 -9.888481 	 -1.234328 	 0.459702 	 -0.322388 	 0.000000 	 0.001222 	 0.019548
1 	 12.022519 	 9458771.000000 	 0.414524 	 -1.123188 	 218.179703 	 9458771.000000 	 -0.039240 	 0.117720 	 -10.006201 	 -1.238806 	 0.455224 	 -0.325373 	 -0.001222 	 0.002443 	 0.015882
1 	 12.030471 	 9458781.000000 	 0.416866 	 -1.116179 	 218.192108 	 9458781.000000 	 -0.117720 	 0.078480 	 -9.966961 	 -1.244776 	 0.449254 	 -0.314925 	 -0.003665 	 0.004887 	 0.021991
1 	 12.046328 	 9458791.000000 	 0.416027 	 -1.105303 	 218.200943 	 9458791.000000 	 -0.039240 	 0.039240 	 -9.810000 	 -1.235821 	 0.458209 	 -0.325373 	 -0.003665 	 0.001222 	 0.015882
1 	 12.054299 	 9458801.000000 	 0.420427 	 -1.101090 	 218.211243 	 9458801.000000 	 -0.156960 	 0.078480 	 -9.927721 	 -1.237313 	 0.455224 	 -0.323881 	 -0.007330 	 0.006109 	 0.018326
1 	 12.062078 	 9458811.000000 	 0.413635 	 -1.105542 	 218.223511 	 9458811.000000 	 -0.235440 	 0.000000 	 -9.810000 	 -1.234328 	 0.455224 	 -0.320896 	 0.001222 	 0.002443 	 0.021991
1 	 12.077909 	 9458821.000000 	 0.405506 	 -1.113676 	 218.236526 	 9458821.000000 	 -0.274680 	 0.000000 	 -9.888481 	 -1.240299 	 0.453731 	 -0.325373 	 0.003665 	 0.001222 	 0.023213
1 	 12.093915 	 9458831.000000 	 0.386559 	 -1.117771 	 218.249313 	 9458831.000000 	 -0.235440 	 -0.117720 	 -9.927721 	 -1.237313 	 0.455224 	 -0.320896 	 0.006109 	 0.002443 	 0.023213
1 	 12.101653 	 9458841.000000 	 0.375674 	 -1.117950 	 218.257126 	 9458841.000000 	 -0.196200 	 -0.078480 	 -9.927721 	 -1.237313 	 0.456716 	 -0.322388 	 0.000000 	 0.003665 	 0.015882
1 	 12.109662 	 9458851.000000 	 0.373891 	 -1.115155 	 218.270752 	 9458851.000000 	 -0.117720 	 0.039240 	 -9.849240 	 -1.235821 	 0.455224 	 -0.320896 	 -0.001222 	 -0.002443 	 0.021991
1 	 12.117414 	 9458861.000000 	 0.370873 	 -1.107460 	 218.281006 	 9458861.000000 	 -0.078480 	 0.039240 	 -9.810000 	 -1.241791 	 0.450746 	 -0.323881 	 0.001222 	 0.001222 	 0.018326
1 	 12.125398 	 9458871.000000 	 0.365384 	 -1.117213 	 218.295258 	 9458871.000000 	 -0.274680 	 0.000000 	 -9.927721 	 -1.250746 	 0.450746 	 -0.316418 	 0.001222 	 -0.003665 	 0.028100
1 	 12.148873 	 9458881.000000 	 0.365095 	 -1.119340 	 218.301895 	 9458881.000000 	 -0.235440 	 0.039240 	 -9.966961 	 -1.241791 	 0.453731 	 -0.323881 	 -0.003665 	 0.006109 	 0.010996
1 	 12.156993 	 9458901.000000 	 0.372838 	 -1.125890 	 218.320786 	 9458901.000000 	 -0.235440 	 0.039240 	 -9.966961 	 -1.234328 	 0.455224 	 -0.322388 	 -0.002443 	 0.002443 	 0.019548
1 	 12.165027 	 9458911.000000 	 0.372634 	 -1.138020 	 218.335144 	 9458911.000000 	 -0.313920 	 0.039240 	 -9.888481 	 -1.240299 	 0.453731 	 -0.323881 	 -0.003665 	 0.001222 	 0.023213
1 	 12.180732 	 9458921.000000 	 0.364848 	 -1.141926 	 218.343613 	 9458921.000000 	 -0.274680 	 -0.039240 	 -9.810000 	 -1.235821 	 0.453731 	 -0.323881 	 0.000000 	 0.007330 	 0.017104
1 	 12.188668 	 9458931.000000 	 0.359018 	 -1.144964 	 218.351639 	 9458931.000000 	 -0.235440 	 -0.039240 	 -9.927721 	 -1.235821 	 0.453731 	 -0.325373 	 -0.004887 	 0.003665 	 0.014661
1 	 12.196568 	 9458941.000000 	 0.353820 	 -1.141479 	 218.361298 	 9458941.000000 	 -0.196200 	 0.000000 	 -10.045441 	 -1.237313 	 0.453731 	 -0.329851 	 -0.001222 	 0.008552 	 0.015882
1 	 12.212548 	 9458951.000000 	 0.352522 	 -1.138786 	 218.369263 	 9458951.000000 	 -0.196200 	 0.039240 	 -9.966961 	 -1.238806 	 0.452239 	 -0.329851 	 -0.001222 	 0.008552 	 0.015882
1 	 12.220274 	 9458961.000000 	 0.350699 	 -1.132787 	 218.384445 	 9458961.000000 	 -0.156960 	 0.078480 	 -9.966961 	 -1.243284 	 0.450746 	 -0.320896 	 0.004887 	 0.007330 	 0.024435
1 	 12.228283 	 9458971.000000 	 0.353507 	 -1.134758 	 218.392761 	 9458971.000000 	 -0.196200 	 0.117720 	 -10.006201 	 -1.237313 	 0.453731 	 -0.323881 	 0.002443 	 0.000000 	 0.014661
1 	 12.244171 	 9458981.000000 	 0.352121 	 -1.133013 	 218.402328 	 9458981.000000 	 -0.156960 	 0.039240 	 -9.888481 	 -1.235821 	 0.456716 	 -0.323881 	 -0.001222 	 0.001222 	 0.017104
1 	 12.259864 	 9458991.000000 	 0.348945 	 -1.128367 	 218.411789 	 9458991.000000 	 -0.156960 	 0.000000 	 -9.966961 	 -1.234328 	 0.462687 	 -0.325373 	 -0.003665 	 0.006109 	 0.017104
1 	 12.267588 	 9459001.000000 	 0.346907 	 -1.122146 	 218.420670 	 9459001.000000 	 -0.117720 	 0.039240 	 -9.888481 	 -1.237313 	 0.456716 	 -0.320896 	 0.000000 	 0.003665 	 0.015882
1 	 12.275472 	 9459011.000000 	 0.341435 	 -1.110499 	 218.429535 	 9459011.000000 	 -0.039240 	 0.039240 	 -9.810000 	 -1.241791 	 0.456716 	 -0.319403 	 0.006109 	 0.002443 	 0.015882
1 	 12.283161 	 9459021.000000 	 0.351165 	 -1.109079 	 218.441376 	 9459021.000000 	 -0.156960 	 0.156960 	 -9.888481 	 -1.238806 	 0.455224 	 -0.319403 	 -0.003665 	 0.001222 	 0.020769
1 	 12.291209 	 9459031.000000 	 0.347400 	 -1.106456 	 218.450623 	 9459031.000000 	 -0.156960 	 0.039240 	 -9.966961 	 -1.240299 	 0.458209 	 -0.325373 	 0.003665 	 0.003665 	 0.018326
1 	 12.314859 	 9459041.000000 	 0.342397 	 -1.109178 	 218.457977 	 9459041.000000 	 -0.196200 	 0.000000 	 -9.927721 	 -1.238806 	 0.455224 	 -0.325373 	 -0.001222 	 0.000000 	 0.012217
1 	 12.322860 	 9459061.000000 	 0.334215 	 -1.105213 	 218.473495 	 9459061.000000 	 -0.156960 	 0.000000 	 -10.045441 	 -1.238806 	 0.452239 	 -0.317910 	 -0.001222 	 0.004887 	 0.017104
1 	 12.330910 	 9459071.000000 	 0.335430 	 -1.101488 	 218.481003 	 9459071.000000 	 -0.156960 	 0.078480 	 -10.084681 	 -1.240299 	 0.458209 	 -0.320896 	 0.000000 	 0.004887 	 0.013439
1 	 12.346600 	 9459081.000000 	 0.340355 	 -1.099694 	 218.492188 	 9459081.000000 	 -0.196200 	 0.078480 	 -10.123920 	 -1.240299 	 0.458209 	 -0.323881 	 -0.007330 	 0.007330 	 0.021991
1 	 12.354628 	 9459091.000000 	 0.343643 	 -1.097030 	 218.503876 	 9459091.000000 	 -0.196200 	 0.078480 	 -10.123920 	 -1.234328 	 0.459702 	 -0.322388 	 -0.003665 	 0.008552 	 0.020769
1 	 12.362474 	 9459101.000000 	 0.350914 	 -1.102483 	 218.521622 	 9459101.000000 	 -0.235440 	 0.196200 	 -9.966961 	 -1.240299 	 0.452239 	 -0.326866 	 0.007330 	 0.001222 	 0.028100
1 	 12.378379 	 9459111.000000 	 0.357964 	 -1.106956 	 218.531708 	 9459111.000000 	 -0.235440 	 0.196200 	 -9.927721 	 -1.243284 	 0.456716 	 -0.322388 	 0.004887 	 0.001222 	 0.019548
1 	 12.386405 	 9459121.000000 	 0.355154 	 -1.119660 	 218.543381 	 9459121.000000 	 -0.313920 	 0.039240 	 -9.888481 	 -1.235821 	 0.464179 	 -0.322388 	 0.001222 	 -0.001222 	 0.020769
1 	 12.394306 	 9459131.000000 	 0.345578 	 -1.134680 	 218.556931 	 9459131.000000 	 -0.353160 	 0.000000 	 -9.849240 	 -1.240299 	 0.453731 	 -0.323881 	 0.006109 	 0.002443 	 0.021991
1 	 12.410190 	 9459141.000000 	 0.339073 	 -1.135206 	 218.567978 	 9459141.000000 	 -0.196200 	 0.000000 	 -9.966961 	 -1.240299 	 0.458209 	 -0.322388 	 0.003665 	 0.002443 	 0.021991
1 	 12.426003 	 9459151.000000 	 0.346034 	 -1.138389 	 218.583313 	 9459151.000000 	 -0.274680 	 0.156960 	 -9.849240 	 -1.241791 	 0.452239 	 -0.316418 	 0.002443 	 0.009774 	 0.024435
1 	 12.433846 	 9459161.000000 	 0.352139 	 -1.132962 	 218.593765 	 9459161.000000 	 -0.156960 	 0.156960 	 -9.966961 	 -1.234328 	 0.459702 	 -0.329851 	 0.002443 	 0.007330 	 0.018326
1 	 12.441718 	 9459171.000000 	 0.360294 	 -1.137737 	 218.606995 	 9459171.000000 	 -0.274680 	 0.156960 	 -10.006201 	 -1.237313 	 0.452239 	 -0.322388 	 -0.001222 	 0.006109 	 0.023213
1 	 12.449721 	 9459181.000000 	 0.370197 	 -1.154917 	 218.623703 	 9459181.000000 	 -0.392400 	 0.117720 	 -9.888481 	 -1.238806 	 0.462687 	 -0.326866 	 -0.009774 	 0.001222 	 0.029322
1 	 12.457555 	 9459191.000000 	 0.374982 	 -1.170813 	 218.636185 	 9459191.000000 	 -0.353160 	 0.117720 	 -9.888481 	 -1.235821 	 0.458209 	 -0.329851 	 -0.001222 	 -0.002443 	 0.021991
1 	 12.473519 	 9459201.000000 	 0.379072 	 -1.178170 	 218.650101 	 9459201.000000 	 -0.274680 	 0.117720 	 -9.810000 	 -1.240299 	 0.455224 	 -0.323881 	 0.000000 	 0.001222 	 0.024435
1 	 12.481390 	 9459211.000000 	 0.390463 	 -1.182258 	 218.663330 	 9459211.000000 	 -0.235440 	 0.156960 	 -9.810000 	 -1.232836 	 0.465672 	 -0.326866 	 -0.007330 	 0.001222 	 0.023213
1 	 12.489419 	 9459221.000000 	 0.403018 	 -1.181527 	 218.675888 	 9459221.000000 	 -0.196200 	 0.156960 	 -9.927721 	 -1.238806 	 0.455224 	 -0.325373 	 -0.009774 	 0.003665 	 0.021991
1 	 12.505065 	 9459231.000000 	 0.417897 	 -1.180938 	 218.687790 	 9459231.000000 	 -0.196200 	 0.196200 	 -9.849240 	 -1.246269 	 0.452239 	 -0.320896 	 -0.008552 	 0.003665 	 0.020769
1 	 12.513123 	 9459241.000000 	 0.423109 	 -1.179357 	 218.698959 	 9459241.000000 	 -0.156960 	 0.156960 	 -9.810000 	 -1.232836 	 0.455224 	 -0.320896 	 0.002443 	 0.000000 	 0.019548
1 	 12.520907 	 9459251.000000 	 0.433554 	 -1.185448 	 218.712982 	 9459251.000000 	 -0.235440 	 0.196200 	 -9.849240 	 -1.235821 	 0.456716 	 -0.322388 	 -0.001222 	 -0.002443 	 0.024435
1 	 12.528983 	 9459261.000000 	 0.445571 	 -1.184727 	 218.725647 	 9459261.000000 	 -0.196200 	 0.235440 	 -9.888481 	 -1.235821 	 0.452239 	 -0.323881 	 0.001222 	 0.003665 	 0.021991
1 	 12.544772 	 9459271.000000 	 0.451160 	 -1.185049 	 218.736893 	 9459271.000000 	 -0.235440 	 0.156960 	 -9.888481 	 -1.235821 	 0.459702 	 -0.325373 	 0.000000 	 0.007330 	 0.021991
1 	 12.552684 	 9459281.000000 	 0.454725 	 -1.191332 	 218.745880 	 9459281.000000 	 -0.274680 	 0.117720 	 -9.927721 	 -1.234328 	 0.461194 	 -0.329851 	 -0.001222 	 0.002443 	 0.015882
1 	 12.560606 	 9459291.000000 	 0.457894 	 -1.199056 	 218.756500 	 9459291.000000 	 -0.274680 	 0.117720 	 -9.849240 	 -1.237313 	 0.459702 	 -0.329851 	 0.000000 	 0.001222 	 0.017104
1 	 12.576412 	 9459301.000000 	 0.459828 	 -1.195527 	 218.764572 	 9459301.000000 	 -0.156960 	 0.117720 	 -9.810000 	 -1.235821 	 0.456716 	 -0.323881 	 0.001222 	 0.003665 	 0.015882
1 	 12.592232 	 9459311.000000 	 0.449410 	 -1.198150 	 218.776505 	 9459311.000000 	 -0.235440 	 0.000000 	 -9.849240 	 -1.234328 	 0.462687 	 -0.326866 	 0.004887 	 0.003665 	 0.019548
1 	 12.600388 	 9459321.000000 	 0.443895 	 -1.204164 	 218.788147 	 9459321.000000 	 -0.274680 	 0.039240 	 -9.966961 	 -1.247761 	 0.449254 	 -0.319403 	 0.003665 	 0.002443 	 0.020769
1 	 12.608003 	 9459331.000000 	 0.437122 	 -1.204254 	 218.800476 	 9459331.000000 	 -0.235440 	 0.039240 	 -9.888481 	 -1.235821 	 0.455224 	 -0.325373 	 0.006109 	 0.007330 	 0.021991
1 	 12.615989 	 9459341.000000 	 0.433666 	 -1.196624 	 218.814285 	 9459341.000000 	 -0.078480 	 0.078480 	 -9.849240 	 -1.240299 	 0.456716 	 -0.322388 	 0.006109 	 -0.001222 	 0.024435
1 	 12.623928 	 9459351.000000 	 0.435138 	 -1.189325 	 218.829483 	 9459351.000000 	 -0.117720 	 0.078480 	 -9.927721 	 -1.235821 	 0.453731 	 -0.322388 	 -0.002443 	 0.003665 	 0.026878
1 	 12.639773 	 9459361.000000 	 0.431686 	 -1.186336 	 218.842484 	 9459361.000000 	 -0.156960 	 0.039240 	 -9.927721 	 -1.244776 	 0.459702 	 -0.323881 	 0.001222 	 0.002443 	 0.025656
1 	 12.647796 	 9459371.000000 	 0.439094 	 -1.195990 	 218.856216 	 9459371.000000 	 -0.313920 	 0.117720 	 -9.888481 	 -1.243284 	 0.459702 	 -0.325373 	 -0.006109 	 0.003665 	 0.021991
1 	 12.655590 	 9459381.000000 	 0.446054 	 -1.204646 	 218.866623 	 9459381.000000 	 -0.313920 	 0.156960 	 -9.888481 	 -1.231343 	 0.459702 	 -0.331343 	 -0.001222 	 0.003665 	 0.018326
1 	 12.671395 	 9459391.000000 	 0.447883 	 -1.205327 	 218.874817 	 9459391.000000 	 -0.235440 	 0.078480 	 -9.966961 	 -1.232836 	 0.458209 	 -0.319403 	 -0.003665 	 0.006109 	 0.014661
1 	 12.679306 	 9459401.000000 	 0.452192 	 -1.207308 	 218.885880 	 9459401.000000 	 -0.235440 	 0.117720 	 -10.006201 	 -1.229851 	 0.461194 	 -0.332836 	 -0.002443 	 0.003665 	 0.019548
1 	 12.687187 	 9459411.000000 	 0.455820 	 -1.219590 	 218.898346 	 9459411.000000 	 -0.353160 	 0.117720 	 -9.927721 	 -1.237313 	 0.453731 	 -0.316418 	 -0.001222 	 0.002443 	 0.021991
1 	 12.703175 	 9459421.000000 	 0.454101 	 -1.225605 	 218.905853 	 9459421.000000 	 -0.274680 	 0.078480 	 -9.810000 	 -1.246269 	 0.449254 	 -0.320896 	 0.002443 	 0.002443 	 0.013439
1 	 12.711107 	 9459431.000000 	 0.453876 	 -1.223618 	 218.918945 	 9459431.000000 	 -0.196200 	 0.078480 	 -9.888481 	 -1.231343 	 0.458209 	 -0.329851 	 0.000000 	 0.004887 	 0.023213
1 	 12.718921 	 9459441.000000 	 0.448950 	 -1.226523 	 218.932571 	 9459441.000000 	 -0.235440 	 0.039240 	 -9.927721 	 -1.243284 	 0.456716 	 -0.322388 	 0.003665 	 0.001222 	 0.026878
1 	 12.787849 	 9459451.000000 	 0.439894 	 -1.229272 	 218.947678 	 9459451.000000 	 -0.235440 	 0.039240 	 -9.927721 	 -1.238806 	 0.452239 	 -0.325373 	 0.008552 	 0.002443 	 0.024435
1 	 12.788262 	 9459461.000000 	 0.433001 	 -1.225954 	 218.961868 	 9459461.000000 	 -0.156960 	 0.000000 	 -9.810000 	 -1.235821 	 0.456716 	 -0.323881 	 0.002443 	 0.002443 	 0.028100
1 	 13.016877 	 9459501.000000 	 0.393720 	 -1.214233 	 219.000366 	 9459501.000000 	 -0.196200 	 0.000000 	 -9.888481 	 -1.244776 	 0.449254 	 -0.319403 	 0.002443 	 0.007330 	 0.014661
1 	 18.862058 	 9460001.000000 	 0.384589 	 -1.190449 	 219.512024 	 9460001.000000 	 -0.235440 	 0.078480 	 -10.006201 	 -1.247761 	 0.456716 	 -0.325373 	 0.002443 	 0.002443 	 0.019548
1 	 20.003038 	 9465221.000000 	 0.000000 	 0.001381 	 114509463078630641167459418112.000000 	 9465231.000000 	 0.000000 	 0.001381 	 115128433098273331304908980224.000000 	 9465241.000000 	 0.000000 	 0.001381 	 115747403117916021442358542336.000000 	 9465251.000000 	 0.000000
1 	 20.088915 	 9465351.000000 	 0.452968 	 -1.208179 	 225.526825 	 9465351.000000 	 -0.156960 	 0.000000 	 -10.006201 	 -1.238806 	 0.452239 	 -0.323881 	 -0.001222 	 0.007330 	 0.023213
1 	 20.400042 	 9465572.000000 	 0.403999 	 -1.185132 	 225.779556 	 9465572.000000 	 -0.274680 	 0.117720 	 -9.849240 	 -1.232836 	 0.462687 	 -0.329851 	 -0.001222 	 0.008552 	 0.025656
1 	 20.491952 	 9465662.000000 	 0.420445 	 -1.169593 	 225.865967 	 9465662.000000 	 -0.156960 	 0.117720 	 -9.888481 	 -1.237313 	 0.459702 	 -0.323881 	 -0.008552 	 0.002443 	 0.010996
1 	 20.552773 	 9465752.000000 	 0.423336 	 -1.136257 	 225.956772 	 9465752.000000 	 -0.156960 	 0.000000 	 -9.966961 	 -1.231343 	 0.458209 	 -0.326866 	 -0.006109 	 0.000000 	 0.020769
1 	 20.668221 	 9465792.000000 	 0.432857 	 -1.113989 	 226.009995 	 9465792.000000 	 -0.156960 	 0.039240 	 -9.888481 	 -1.232836 	 0.461194 	 -0.329851 	 -0.001222 	 0.001222 	 0.019548
1 	 20.713857 	 9465892.000000 	 0.431722 	 -1.145613 	 226.126114 	 9465892.000000 	 -0.274680 	 0.078480 	 -9.849240 	 -1.241791 	 0.453731 	 -0.316418 	 -0.001222 	 0.001222 	 0.018326
1 	 20.767506 	 9465912.000000 	 0.413643 	 -1.156334 	 226.150543 	 9465912.000000 	 -0.235440 	 -0.117720 	 -9.849240 	 -1.229851 	 0.459702 	 -0.326866 	 0.000000 	 0.003665 	 0.025656
1 	 20.816631 	 9465952.000000 	 0.400288 	 -1.154198 	 226.192322 	 9465952.000000 	 -0.156960 	 0.039240 	 -9.966961 	 -1.238806 	 0.458209 	 -0.320896 	 -0.001222 	 0.003665 	 0.017104
1 	 23.350114 	 9466452.000000 	 0.467066 	 -1.202577 	 226.735046 	 9466452.000000 	 -0.274680 	 0.078480 	 -9.966961 	 -1.237313 	 0.450746 	 -0.323881 	 0.003665 	 0.004887 	 0.025656
1 	 23.616223 	 9468082.000000 	 0.000000 	 0.001381 	 532314254671645381163785125888.000000 	 9468092.000000 	 0.000000 	 0.001381 	 534790134750216141713583374336.000000 	 9468102.000000 	 0.000000 	 0.001381 	 537266014828786902263381622784.000000 	 9468112.000000 	 0.000000
1 	 23.927980 	 9468332.000000 	 0.320838 	 -1.247925 	 228.832077 	 9468332.000000 	 -0.274680 	 0.078480 	 -9.927721 	 -1.243284 	 0.456716 	 -0.323881 	 -0.001222 	 0.004887 	 0.021991
1 	 25.183509 	 9468832.000000 	 0.352071 	 -1.248823 	 229.402451 	 9468832.000000 	 -0.274680 	 -0.039240 	 -9.888481 	 -1.238806 	 0.461194 	 -0.331343 	 0.004887 	 0.006109 	 0.019548
1 	 28.463112 	 9469332.000000 	 0.373143 	 -1.260459 	 229.960785 	 9469332.000000 	 -0.196200 	 0.039240 	 -10.006201 	 -1.237313 	 0.458209 	 -0.329851 	 -0.004887 	 -0.001222 	 0.017104
1 	 32.821581 	 9472612.000000 	 0.443873 	 -1.170198 	 233.717972 	 9472612.000000 	 -0.235440 	 0.117720 	 -9.966961 	 -1.238806 	 0.458209 	 -0.325373 	 0.001222 	 0.003665 	 0.024435
1 	 35.207869 	 9477803.000000 	 0.467875 	 -1.179825 	 239.486908 	 9477803.000000 	 -0.235440 	 0.078480 	 -9.849240 	 -1.237313 	 0.455224 	 -0.325373 	 0.002443 	 0.003665 	 0.015882
1 	 36.007369 	 9478303.000000 	 0.469825 	 -1.155655 	 240.071396 	 9478303.000000 	 -0.156960 	 0.039240 	 -9.849240 	 -1.240299 	 0.453731 	 -0.320896 	 -0.001222 	 0.002443 	 0.019548
1 	 39.118295 	 9478803.000000 	 0.414735 	 -1.213955 	 240.582855 	 9478803.000000 	 -0.156960 	 0.078480 	 -9.810000 	 -1.238806 	 0.456716 	 -0.319403 	 0.001222 	 0.000000 	 0.020769
1 	 40.186599 	 9481833.000000 	 0.398753 	 -1.213217 	 243.970001 	 9481833.000000 	 -0.235440 	 0.196200 	 -10.006201 	 -1.231343 	 0.458209 	 -0.332836 	 0.009774 	 0.006109 	 0.023213
1 	 41.592941 	 9482334.000000 	 0.449476 	 -1.197897 	 244.535812 	 9482334.000000 	 -0.196200 	 0.156960 	 -10.084681 	 -1.238806 	 0.449254 	 -0.326866 	 -0.002443 	 -0.001222 	 0.023213
1 	 42.478522 	 9483744.000000 	 0.461258 	 -1.235926 	 246.136581 	 9483744.000000 	 -0.156960 	 0.196200 	 -9.849240 	 -1.247761 	 0.447761 	 -0.320896 	 -0.006109 	 0.003665 	 0.017104
1 	 43.224908 	 9484244.000000 	 0.483705 	 -1.199596 	 246.697433 	 9484244.000000 	 -0.274680 	 0.078480 	 -9.966961 	 -1.232836 	 0.455224 	 -0.323881 	 -0.010996 	 0.003665 	 0.019548
1 	 43.292140 	 9484894.000000 	 0.488063 	 -1.190812 	 247.425323 	 9484894.000000 	 -0.156960 	 0.117720 	 -9.927721 	 -1.241791 	 0.456716 	 -0.322388 	 0.002443 	 0.001222 	 0.017104
1 	 44.536131 	 9485394.000000 	 0.421025 	 -1.080976 	 247.978867 	 9485394.000000 	 -0.156960 	 0.000000 	 -9.849240 	 -1.244776 	 0.458209 	 -0.326866 	 -0.007330 	 0.003665 	 0.020769
1 	 45.074842 	 9486354.000000 	 0.467106 	 -1.254900 	 249.025299 	 9486354.000000 	 -0.196200 	 0.196200 	 -9.966961 	 -1.232836 	 0.458209 	 -0.322388 	 0.004887 	 -0.001222 	 0.014661
1 	 46.939923 	 9486854.000000 	 0.404771 	 -1.164544 	 249.582916 	 9486854.000000 	 -0.117720 	 0.078480 	 -9.927721 	 -1.241791 	 0.453731 	 -0.322388 	 -0.004887 	 0.000000 	 0.024435
1 	 47.593933 	 9487354.000000 	 0.474250 	 -1.183013 	 250.157639 	 9487354.000000 	 -0.196200 	 0.078480 	 -9.849240 	 -1.240299 	 0.458209 	 -0.329851 	 -0.007330 	 0.002443 	 0.020769
1 	 47.714587 	 9488784.000000 	 0.299781 	 -1.155038 	 251.696320 	 9488784.000000 	 -0.196200 	 -0.039240 	 -9.927721 	 -1.243284 	 0.458209 	 -0.314925 	 -0.001222 	 0.003665 	 0.020769
1 	 47.831021 	 9488934.000000 	 0.335349 	 -1.173858 	 251.870483 	 9488934.000000 	 -0.117720 	 0.196200 	 -9.888481 	 -1.231343 	 0.455224 	 -0.326866 	 0.002443 	 0.004887 	 0.023213
1 	 48.002746 	 9488974.000000 	 0.332703 	 -1.149408 	 251.917542 	 9488974.000000 	 -0.117720 	 0.039240 	 -9.888481 	 -1.232836 	 0.459702 	 -0.329851 	 0.004887 	 0.001222 	 0.021991
1 	 54.789363 	 9489474.000000 	 0.381665 	 -1.147096 	 252.459518 	 9489474.000000 	 -0.117720 	 0.156960 	 -9.888481 	 -1.235821 	 0.453731 	 -0.326866 	 -0.001222 	 -0.002443 	 0.015882
1 	 56.550901 	 9496005.000000 	 0.000000 	 0.001381 	 1983457558416629182627324784849977344.000000 	 9496015.000000 	 0.000000 	 0.001381 	 1993842152133698837884385777508417536.000000 	 9496025.000000 	 0.000000 	 0.001381 	 2004226745850768493141446770166857728.000000 	 9496035.000000 	 0.000000
1 	 56.606859 	 9496065.000000 	 0.000000 	 0.001381 	 2045765120719047114169690740800618496.000000 	 9496075.000000 	 0.000000 	 0.001381 	 2056149714436116769426751733459058688.000000 	 9496085.000000 	 0.438759 	 -1.109966 	 259.817078 	 9496085.000000 	 -0.156960
1 	 60.640584 	 9496585.000000 	 0.407811 	 -1.238095 	 260.355072 	 9496585.000000 	 -0.156960 	 0.156960 	 -9.888481 	 -1.246269 	 0.446269 	 -0.317910 	 -0.002443 	 0.000000 	 0.015882
1 	 62.183301 	 9500666.000000 	 0.000000 	 0.001381 	 24092259958902800652840305960987656192.000000 	 9500676.000000 	 0.000000 	 0.001381 	 24258413458375915136953281843522699264.000000 	 9500686.000000 	 0.000000 	 0.001381 	 24424566957849029621066257726057742336.000000 	 9500696.000000 	 0.000000
1 	 62.185230 	 9500726.000000 	 0.280518 	 -1.158556 	 264.876953 	 9500726.000000 	 -0.156960 	 0.078480 	 -9.888481 	 -1.238806 	 0.453731 	 -0.325373 	 -0.003665 	 0.003665 	 0.019548
1 	 62.208444 	 9500736.000000 	 0.285912 	 -1.162355 	 264.888336 	 9500736.000000 	 -0.235440 	 0.078480 	 -9.927721 	 -1.237313 	 0.456716 	 -0.325373 	 -0.004887 	 0.002443 	 0.018326
1 	 62.209108 	 9500746.000000 	 0.277032 	 -1.166960 	 264.897095 	 9500746.000000 	 -0.274680 	 -0.039240 	 -9.849240 	 -1.241791 	 0.455224 	 -0.322388 	 0.002443 	 0.006109 	 0.015882
1 	 62.329692 	 9500756.000000 	 0.272980 	 -1.160835 	 264.906342 	 9500756.000000 	 -0.117720 	 0.039240 	 -9.888481 	 -1.235821 	 0.456716 	 -0.320896 	 0.006109 	 0.003665 	 0.018326
1 	 65.737743 	 9501256.000000 	 0.323256 	 -1.147638 	 265.450867 	 9501256.000000 	 -0.117720 	 0.078480 	 -9.770761 	 -1.237313 	 0.453731 	 -0.325373 	 -0.001222 	 0.002443 	 0.015882
1 	 71.526861 	 9506576.000000 	 0.374693 	 -1.231541 	 271.406738 	 9506576.000000 	 -0.235440 	 -0.039240 	 -9.810000 	 -1.231343 	 0.455224 	 -0.325373 	 0.000000 	 0.006109 	 0.025656
1 	 79.878095 	 9514017.000000 	 0.521450 	 -1.028942 	 279.744751 	 9514017.000000 	 -0.235440 	 0.039240 	 -9.966961 	 -1.240299 	 0.456716 	 -0.322388 	 -0.003665 	 0.007330 	 0.019548
1 	 87.773213 	 9514517.000000 	 0.582177 	 -1.121921 	 280.302704 	 9514517.000000 	 -0.196200 	 0.117720 	 -9.849240 	 0.000000 	 0.000000 	 936027.250000 	 -18932738768498170265600.000000 	 0.000000 	 0.000000
1 	 87.899422 	 9521638.000000 	 0.411529 	 -1.210844 	 288.322815 	 9521638.000000 	 -0.156960 	 -0.039240 	 -10.084681 	 -1.237313 	 0.456716 	 -0.325373 	 -0.001222 	 0.002443 	 0.021991
1 	 89.636707 	 9522138.000000 	 0.309297 	 -1.187559 	 288.915344 	 9522138.000000 	 -0.117720 	 0.078480 	 -10.045441 	 -1.234328 	 0.456716 	 -0.317910 	 -0.001222 	 0.001222 	 0.018326
1 	 93.805522 	 9526239.000000 	 0.428001 	 -1.108159 	 293.506805 	 9526239.000000 	 -0.156960 	 0.117720 	 -9.966961 	 -1.244776 	 0.453731 	 -0.322388 	 0.002443 	 0.001222 	 0.023213
1 	 94.389059 	 9526739.000000 	 0.529112 	 -1.125052 	 294.073761 	 9526739.000000 	 -0.117720 	 0.117720 	 -10.045441 	 -1.244776 	 0.456716 	 -0.323881 	 0.002443 	 0.002443 	 0.018326
1 	 98.078241 	 9527239.000000 	 0.502391 	 -1.203365 	 294.633423 	 9527239.000000 	 -0.156960 	 0.039240 	 -9.849240 	 -1.232836 	 0.464179 	 -0.332836 	 0.001222 	 0.001222 	 0.020769
1 	 98.654908 	 9530489.000000 	 0.000000 	 0.001381 	 -0.000000 	 9530499.000000 	 0.000000 	 0.001381 	 -0.000000 	 9530509.000000 	 0.000000 	 0.001381 	 -0.000000 	 9530519.000000 	 0.000000
1 	 98.883394 	 9530569.000000 	 0.410663 	 -1.263623 	 298.338684 	 9530569.000000 	 -0.196200 	 0.039240 	 -9.927721 	 -1.241791 	 0.456716 	 -0.325373 	 -0.002443 	 0.002443 	 0.023213
1 	 106.209698 	 9531069.000000 	 0.492597 	 -1.235062 	 298.912140 	 9531069.000000 	 -0.156960 	 0.078480 	 -9.888481 	 -1.237313 	 0.455224 	 -0.319403 	 -0.010996 	 0.004887 	 0.018326
1 	 107.181634 	 9537570.000000 	 0.000000 	 0.001381 	 -0.000000 	 9537580.000000 	 0.000000 	 0.001381 	 -0.000000 	 9537590.000000 	 0.000000 	 0.001381 	 -0.000000 	 9537600.000000 	 0.000000
1 	 107.606944 	 9537630.000000 	 0.000000 	 0.001381 	 -0.000000 	 9537640.000000 	 0.000000 	 0.001381 	 -0.000000 	 9537650.000000 	 0.418279 	 -1.146560 	 306.287048 	 9537650.000000 	 -0.313920
1 	 113.444483 	 9538150.000000 	 0.318288 	 -1.121292 	 306.828613 	 9538150.000000 	 -0.039240 	 0.039240 	 -9.692281 	 -1.235821 	 0.462687 	 -0.326866 	 0.007330 	 0.009774 	 0.019548
1 	 114.553084 	 9543651.000000 	 0.408919 	 -1.133366 	 312.936707 	 9543651.000000 	 -0.156960 	 0.196200 	 -9.810000 	 -1.237313 	 0.456716 	 -0.331343 	 -0.001222 	 0.004887 	 0.025656
1 	 120.119430 	 9544151.000000 	 0.414239 	 -1.106963 	 313.482391 	 9544151.000000 	 -0.156960 	 0.039240 	 -9.849240 	 -1.240299 	 0.455224 	 -0.329851 	 0.000000 	 0.004887 	 0.021991
1 	 121.680286 	 9549372.000000 	 0.471286 	 -1.176064 	 319.304749 	 9549372.000000 	 -0.117720 	 0.039240 	 -9.888481 	 -1.238806 	 0.458209 	 -0.329851 	 -0.006109 	 -0.001222 	 0.024435
1 	 121.962720 	 9549872.000000 	 0.394669 	 -1.263157 	 319.865967 	 9549872.000000 	 -0.274680 	 0.078480 	 -9.927721 	 -1.235821 	 0.455224 	 -0.323881 	 -0.003665 	 0.004887 	 0.026878
1 	 122.058894 	 9549912.000000 	 0.405229 	 -1.277214 	 319.904327 	 9549912.000000 	 -0.313920 	 0.078480 	 -9.966961 	 -1.235821 	 0.455224 	 -0.325373 	 -0.006109 	 0.000000 	 0.017104
1 	 127.908150 	 9550412.000000 	 0.412523 	 -1.257975 	 320.458954 	 9550412.000000 	 -0.196200 	 0.039240 	 -9.966961 	 -1.240299 	 0.453731 	 -0.322388 	 -0.003665 	 0.002443 	 0.020769
1 	 133.265968 	 9557403.000000 	 0.421985 	 -1.094563 	 328.270782 	 9557403.000000 	 -0.196200 	 0.078480 	 -9.888481 	 -1.238806 	 0.458209 	 -0.326866 	 0.004887 	 0.001222 	 0.013439
1 	 133.370674 	 9559403.000000 	 0.000000 	 0.001381 	 -0.000000 	 9559413.000000 	 0.000000 	 0.001381 	 -0.000000 	 9559423.000000 	 0.000000 	 0.001381 	 -0.000000 	 9559433.000000 	 0.000000
1 	 133.432840 	 9559463.000000 	 0.433054 	 -1.150952 	 330.603729 	 9559463.000000 	 -0.274680 	 0.156960 	 -9.966961 	 -1.240299 	 0.450746 	 -0.322388 	 0.007330 	 0.004887 	 0.026878
1 	 133.501776 	 9559483.000000 	 0.431964 	 -1.153506 	 330.625824 	 9559483.000000 	 -0.196200 	 0.078480 	 -9.927721 	 -1.235821 	 0.452239 	 -0.320896 	 0.004887 	 0.002443 	 0.017104
1 	 136.389598 	 9559983.000000 	 0.450013 	 -1.203620 	 331.209167 	 9559983.000000 	 -0.196200 	 0.039240 	 -9.810000 	 -1.235821 	 0.458209 	 -0.331343 	 0.000000 	 0.003665 	 0.013439
1 	 136.583611 	 9562163.000000 	 0.000000 	 0.001381 	 -0.000000 	 9562173.000000 	 0.000000 	 0.001381 	 -0.000000 	 9562183.000000 	 0.000000 	 0.001381 	 -0.000000 	 9562193.000000 	 0.000000
1 	 136.597567 	 9562223.000000 	 0.000000 	 0.001381 	 -0.000000 	 9562233.000000 	 0.000000 	 0.001381 	 -0.000000 	 9562243.000000 	 0.509702 	 -1.088956 	 333.814850 	 9562243.000000 	 -0.274680
1 	 136.598541 	 9562253.000000 	 0.508018 	 -1.096270 	 333.826050 	 9562253.000000 	 -0.274680 	 0.039240 	 -10.006201 	 -1.238806 	 0.450746 	 -0.326866 	 -0.004887 	 0.003665 	 0.018326
1 	 136.608439 	 9562263.000000 	 0.522479 	 -1.096015 	 333.836578 	 9562263.000000 	 -0.196200 	 0.235440 	 -9.849240 	 -1.240299 	 0.452239 	 -0.329851 	 -0.004887 	 0.004887 	 0.018326
1 	 136.767072 	 9562273.000000 	 0.525734 	 -1.098467 	 333.847076 	 9562273.000000 	 -0.235440 	 0.078480 	 -9.966961 	 -1.235821 	 0.450746 	 -0.317910 	 -0.008552 	 0.004887 	 0.020769
1 	 137.429775 	 9562773.000000 	 0.376267 	 -1.189358 	 334.397369 	 9562773.000000 	 -0.196200 	 0.039240 	 -9.927721 	 -1.243284 	 0.450746 	 -0.319403 	 -0.001222 	 -0.002443 	 0.020769
1 	 139.378714 	 9563273.000000 	 0.396115 	 -1.021312 	 334.960510 	 9563273.000000 	 -0.274680 	 0.078480 	 -9.927721 	 -1.240299 	 0.453731 	 -0.323881 	 -0.004887 	 0.004887 	 0.019548
1 	 139.890650 	 9565104.000000 	 0.513873 	 -1.138370 	 337.032349 	 9565104.000000 	 -0.235440 	 0.078480 	 -9.888481 	 -1.235821 	 0.459702 	 -0.326866 	 0.001222 	 0.002443 	 0.025656
1 	 140.047034 	 9565294.000000 	 0.511193 	 -1.170380 	 337.235291 	 9565294.000000 	 -0.196200 	 0.078480 	 -9.849240 	 -1.237313 	 0.458209 	 -0.331343 	 0.000000 	 0.000000 	 0.020769
1 	 142.538112 	 9565794.000000 	 0.491431 	 -1.215080 	 337.782349 	 9565794.000000 	 -0.431640 	 0.117720 	 -9.888481 	 -1.241791 	 0.458209 	 -0.322388 	 -0.004887 	 0.000000 	 0.009774
1 	 143.195028 	 9568114.000000 	 0.000000 	 0.001381 	 -0.000000 	 9568124.000000 	 0.000000 	 0.001381 	 -0.000000 	 9568134.000000 	 0.000000 	 0.001381 	 -0.000000 	 9568144.000000 	 0.000000
1 	 143.247981 	 9568174.000000 	 0.000000 	 0.001381 	 -0.000000 	 9568184.000000 	 0.000000 	 0.001381 	 -0.000000 	 9568194.000000 	 0.396014 	 -1.024930 	 340.447998 	 9568194.000000 	 -0.156960
1 	 143.363682 	 9568284.000000 	 0.400811 	 -1.032962 	 340.537872 	 9568284.000000 	 -0.274680 	 0.117720 	 -9.810000 	 -1.241791 	 0.455224 	 -0.322388 	 -0.001222 	 0.000000 	 0.009774
1 	 143.680142 	 9568584.000000 	 0.317514 	 -1.133503 	 340.883759 	 9568584.000000 	 -0.274680 	 -0.039240 	 -9.927721 	 -1.238806 	 0.450746 	 -0.311940 	 -0.007330 	 0.002443 	 0.018326
1 	 144.033817 	 9568834.000000 	 0.321075 	 -1.167654 	 341.151703 	 9568834.000000 	 -0.039240 	 0.117720 	 -9.888481 	 -1.241791 	 0.455224 	 -0.322388 	 -0.004887 	 0.004887 	 0.025656
1 	 144.341896 	 9569184.000000 	 0.419847 	 -1.140341 	 341.515533 	 9569184.000000 	 -0.196200 	 -0.039240 	 -9.927721 	 -1.250746 	 0.452239 	 -0.316418 	 0.007330 	 0.004887 	 0.012217
1 	 146.073487 	 9569684.000000 	 0.385490 	 -1.158919 	 342.098694 	 9569684.000000 	 -0.274680 	 0.078480 	 -9.927721 	 -1.240299 	 0.458209 	 -0.326866 	 -0.007330 	 0.007330 	 0.018326
1 	 146.859313 	 9571344.000000 	 0.000000 	 0.001381 	 -0.000000 	 9571354.000000 	 0.000000 	 0.001381 	 -0.000000 	 9571364.000000 	 0.000000 	 0.001381 	 -0.000000 	 9571374.000000 	 0.000000
1 	 152.857417 	 9571844.000000 	 0.466492 	 -1.172733 	 344.572937 	 9571844.000000 	 -0.235440 	 0.156960 	 -9.849240 	 -1.237313 	 0.452239 	 -0.329851 	 0.004887 	 0.003665 	 0.020769
1 	 153.988815 	 9577365.000000 	 0.438431 	 -1.136998 	 350.766327 	 9577365.000000 	 -0.156960 	 0.000000 	 -9.927721 	 -1.238806 	 0.458209 	 -0.326866 	 0.010996 	 0.004887 	 0.020769
1 	 154.004020 	 9577375.000000 	 0.426033 	 -1.129971 	 350.778564 	 9577375.000000 	 -0.078480 	 -0.039240 	 -9.966961 	 -1.232836 	 0.459702 	 -0.329851 	 0.004887 	 -0.001222 	 0.021991
1 	 154.054201 	 9577385.000000 	 0.417879 	 -1.127681 	 350.787506 	 9577385.000000 	 -0.156960 	 0.039240 	 -10.045441 	 -1.235821 	 0.458209 	 -0.319403 	 0.007330 	 0.001222 	 0.014661
1 	 156.222434 	 9577885.000000 	 0.478648 	 -1.095698 	 351.365997 	 9577885.000000 	 -0.156960 	 0.039240 	 -10.084681 	 -1.237313 	 0.458209 	 -0.320896 	 -0.001222 	 0.002443 	 0.020769
1 	 158.007781 	 9580695.000000 	 0.561648 	 -1.027087 	 354.589905 	 9580695.000000 	 -0.235440 	 0.078480 	 -9.888481 	 -1.237313 	 0.458209 	 -0.320896 	 -0.010996 	 0.003665 	 0.019548
1 	 158.360023 	 9580705.000000 	 0.563942 	 -1.041303 	 354.602844 	 9580705.000000 	 -0.313920 	 0.117720 	 -9.888481 	 -1.232836 	 0.459702 	 -0.323881 	 -0.001222 	 0.000000 	 0.020769
1 	 158.865676 	 9581205.000000 	 0.506452 	 -1.103369 	 355.168091 	 9581205.000000 	 -0.039240 	 0.078480 	 -9.888481 	 -1.240299 	 0.453731 	 -0.322388 	 0.000000 	 0.003665 	 0.017104
1 	 160.459123 	 9581706.000000 	 0.468362 	 -1.122568 	 355.710083 	 9581706.000000 	 -0.156960 	 0.117720 	 -10.045441 	 -1.238806 	 0.464179 	 -0.317910 	 -0.003665 	 0.002443 	 0.018326
1 	 162.665589 	 9582206.000000 	 0.423390 	 -1.185644 	 356.257385 	 9582206.000000 	 -0.156960 	 0.117720 	 -9.888481 	 -1.235821 	 0.456716 	 -0.329851 	 -0.006109 	 0.001222 	 0.013439
1 	 163.097120 	 9584936.000000 	 0.488607 	 -1.130434 	 359.365753 	 9584936.000000 	 -0.196200 	 0.078480 	 -9.927721 	 -1.232836 	 0.455224 	 -0.326866 	 0.004887 	 0.006109 	 0.020769
1 	 163.100471 	 9585006.000000 	 0.471154 	 -1.138291 	 359.447815 	 9585006.000000 	 -0.156960 	 0.078480 	 -9.927721 	 -1.238806 	 0.458209 	 -0.317910 	 -0.001222 	 0.004887 	 0.021991
1 	 163.127943 	 9585016.000000 	 0.468980 	 -1.138032 	 359.464355 	 9585016.000000 	 -0.196200 	 0.039240 	 -9.888481 	 -1.241791 	 0.459702 	 -0.316418 	 -0.002443 	 0.003665 	 0.029322
1 	 163.164794 	 9585036.000000 	 0.465081 	 -1.144142 	 359.488464 	 9585036.000000 	 -0.235440 	 0.078480 	 -9.888481 	 -1.235821 	 0.459702 	 -0.326866 	 -0.004887 	 0.007330 	 0.021991
1 	 164.836710 	 9585296.000000 	 0.429720 	 -1.147748 	 359.797211 	 9585296.000000 	 -0.196200 	 0.039240 	 -9.888481 	 -1.240299 	 0.453731 	 -0.326866 	 -0.003665 	 0.002443 	 0.018326
1 	 165.261006 	 9585806.000000 	 0.405432 	 -1.145128 	 0.387518 	 9585806.000000 	 -0.196200 	 0.078480 	 -9.966961 	 -1.246269 	 0.453731 	 -0.311940 	 -0.002443 	 0.003665 	 0.014661
1 	 165.802852 	 9587386.000000 	 0.255392 	 -1.205463 	 2.193338 	 9587386.000000 	 -0.117720 	 0.117720 	 -9.810000 	 -1.244776 	 0.455224 	 -0.322388 	 -0.002443 	 0.003665 	 0.019548
1 	 165.860192 	 9587486.000000 	 0.284127 	 -1.233063 	 2.296551 	 9587486.000000 	 -0.078480 	 0.078480 	 -10.045441 	 -1.237313 	 0.452239 	 -0.323881 	 -0.002443 	 -0.001222 	 0.019548
1 	 170.478187 	 9587986.000000 	 0.348220 	 -1.096245 	 2.884526 	 9587986.000000 	 -0.117720 	 0.117720 	 -9.927721 	 -1.235821 	 0.458209 	 -0.323881 	 0.001222 	 0.000000 	 0.021991
1 	 173.531001 	 9593777.000000 	 0.250748 	 -1.126598 	 9.340426 	 9593777.000000 	 -0.196200 	 0.156960 	 -9.810000 	 -1.247761 	 0.447761 	 -0.317910 	 -0.001222 	 0.003665 	 0.019548
1 	 174.956349 	 9594277.000000 	 0.391821 	 -1.138927 	 9.903688 	 9594277.000000 	 -0.196200 	 0.078480 	 -10.045441 	 -1.232836 	 0.456716 	 -0.319403 	 0.000000 	 0.002443 	 0.020769
1 	 175.182932 	 9594777.000000 	 0.421276 	 -1.144601 	 10.460050 	 9594777.000000 	 0.000000 	 0.001381 	 -0.000000 	 9595437.000000 	 0.000000 	 0.001381 	 -0.000000 	 9595447.000000 	 0.000000
1 	 175.212540 	 9595537.000000 	 0.328828 	 -1.179672 	 11.322778 	 9595537.000000 	 -0.117720 	 0.039240 	 -9.927721 	 -1.234328 	 0.461194 	 -0.323881 	 -0.006109 	 0.003665 	 0.018326
1 	 184.406496 	 9596037.000000 	 0.437500 	 -1.088500 	 11.902537 	 9596037.000000 	 -0.196200 	 -0.039240 	 -10.045441 	 -1.241791 	 0.455224 	 -0.319403 	 0.004887 	 0.001222 	 0.019548
1 	 185.397056 	 9603818.000000 	 0.384962 	 -1.191427 	 20.591814 	 9603818.000000 	 -0.196200 	 0.078480 	 -10.045441 	 -1.234328 	 0.453731 	 -0.325373 	 0.001222 	 0.002443 	 0.025656
1 	 187.600382 	 9604318.000000 	 0.361431 	 -1.176684 	 21.139057 	 9604318.000000 	 -0.117720 	 0.117720 	 -9.927721 	 -1.240299 	 0.449254 	 -0.322388 	 0.001222 	 0.002443 	 0.015882
1 	 202.249112 	 9609419.000000 	 0.315326 	 -1.100763 	 26.823753 	 9609419.000000 	 -0.235440 	 0.078480 	 -9.927721 	 -1.235821 	 0.459702 	 -0.325373 	 0.307876 	 0.006109 	 0.014661
1 	 206.031336 	 9621370.000000 	 0.457660 	 -1.158530 	 40.279396 	 9621370.000000 	 -0.156960 	 0.078480 	 -9.927721 	 -1.235821 	 0.453731 	 -0.325373 	 -0.003665 	 0.000000 	 0.021991
1 	 206.108543 	 9621440.000000 	 0.452359 	 -1.197266 	 40.354664 	 9621440.000000 	 -0.313920 	 0.039240 	 -9.927721 	 -1.240299 	 0.456716 	 -0.320896 	 0.001222 	 -0.002443 	 0.021991
1 	 207.919734 	 9621940.000000 	 0.394455 	 -1.159600 	 40.908112 	 9621940.000000 	 -0.156960 	 0.117720 	 -9.888481 	 -1.231343 	 0.459702 	 -0.329851 	 -0.008552 	 0.001222 	 0.014661
1 	 216.335640 	 9629931.000000 	 0.251970 	 -1.173141 	 49.781372 	 9629931.000000 	 -0.156960 	 0.117720 	 -9.927721 	 -1.246269 	 0.446269 	 -0.316418 	 -0.008552 	 0.007330 	 0.019548
1 	 217.676139 	 9630431.000000 	 0.314161 	 -1.104695 	 50.322269 	 9630431.000000 	 -0.235440 	 0.156960 	 -9.927721 	 -1.234328 	 0.458209 	 -0.322388 	 -0.007330 	 0.002443 	 0.024435
1 	 219.405076 	 9630932.000000 	 0.391095 	 -1.094539 	 50.856388 	 9630932.000000 	 -0.274680 	 0.078480 	 -9.849240 	 -1.237313 	 0.453731 	 -0.331343 	 0.004887 	 0.004887 	 0.018326
1 	 221.459493 	 9632922.000000 	 0.392188 	 -0.930635 	 53.116493 	 9632922.000000 	 -0.156960 	 0.078480 	 -9.888481 	 -1.238806 	 0.452239 	 -0.323881 	 0.000000 	 0.002443 	 0.018326
1 	 227.707365 	 9633422.000000 	 0.418280 	 -1.064228 	 53.695168 	 9633422.000000 	 -0.196200 	 -0.039240 	 -10.006201 	 -1.234328 	 0.455224 	 -0.322388 	 0.002443 	 -0.001222 	 0.015882
1 	 229.041885 	 9639973.000000 	 0.377398 	 -1.256093 	 60.897827 	 9639973.000000 	 -0.196200 	 0.078480 	 -9.770761 	 -1.240299 	 0.450746 	 -0.316418 	 -0.003665 	 0.002443 	 0.017104
1 	 238.450788 	 9640473.000000 	 0.444050 	 -1.109934 	 61.439667 	 9640473.000000 	 -0.235440 	 0.196200 	 -9.927721 	 -1.238806 	 0.450746 	 -0.326866 	 -0.002443 	 0.004887 	 0.017104
1 	 246.220513 	 9649844.000000 	 0.384229 	 -1.193149 	 72.036781 	 9649844.000000 	 -0.156960 	 0.196200 	 -9.966961 	 -1.234328 	 0.456716 	 -0.331343 	 -0.002443 	 0.002443 	 0.017104
1 	 250.593951 	 9658525.000000 	 0.369722 	 -1.191162 	 81.639397 	 9658525.000000 	 -0.156960 	 0.196200 	 -9.888481 	 -1.243284 	 0.453731 	 -0.314925 	 -0.007330 	 0.000000 	 0.018326
1 	 252.788434 	 9659025.000000 	 0.456088 	 -1.193499 	 82.207504 	 9659025.000000 	 -0.235440 	 -0.039240 	 -9.966961 	 -1.232836 	 0.456716 	 -0.326866 	 0.002443 	 0.003665 	 0.023213
1 	 268.519086 	 9659525.000000 	 0.486887 	 -1.197295 	 82.772507