time 	 pedal_angle(deg) 	 bike speed(km/h) 	 distance(m) 	 cadence(rpm) 	 power(W) 	 total_power(W) 	 HR(bpm) 
4.227 	 169.4 	 -0.0 	 -0.0 	 0.8 	 0.0 	 0.0 	 0.0 
4.227 	 170.4 	 -0.0 	 -0.0 	 1.8 	 0.0 	 0.0 	 0.0 
4.227 	 171.1 	 -0.0 	 -0.0 	 2.4 	 0.0 	 0.0 	 0.0 
4.228 	 172.4 	 -0.0 	 -0.0 	 2.4 	 0.0 	 0.0 	 0.0 
4.228 	 174.5 	 -0.0 	 -0.0 	 3.7 	 0.0 	 0.0 	 0.0 
4.229 	 182.2 	 -0.0 	 -0.0 	 6.3 	 0.0 	 0.0 	 0.0 
4.229 	 185.4 	 -0.0 	 -0.0 	 9.2 	 0.0 	 0.0 	 0.0 
4.229 	 191.1 	 -0.0 	 -0.0 	 11.2 	 0.0 	 0.0 	 0.0 
4.229 	 193.4 	 -0.0 	 -0.0 	 10.9 	 0.0 	 0.0 	 0.0 
4.230 	 199.0 	 -0.0 	 -0.0 	 11.9 	 0.0 	 0.0 	 0.0 
4.444 	 216.9 	 -0.0 	 -0.0 	 17.0 	 0.0 	 0.0 	 0.0 
4.444 	 235.5 	 -0.0 	 -0.0 	 13.1 	 0.0 	 0.0 	 0.0 
4.444 	 266.6 	 -0.0 	 -0.0 	 -1.0 	 0.0 	 0.0 	 0.0 
4.445 	 279.7 	 -0.0 	 -0.0 	 12.7 	 0.0 	 0.0 	 0.0 
4.445 	 285.6 	 -0.0 	 -0.0 	 17.7 	 0.0 	 0.0 	 0.0 
4.446 	 295.7 	 -0.0 	 -0.0 	 19.3 	 0.0 	 0.0 	 0.0 
4.446 	 299.5 	 -0.0 	 -0.0 	 17.0 	 0.0 	 0.0 	 0.0 
4.446 	 305.5 	 -0.0 	 -0.0 	 8.8 	 0.0 	 0.0 	 0.0 
4.447 	 311.5 	 -0.0 	 -0.0 	 7.9 	 0.0 	 0.0 	 0.0 
4.653 	 324.3 	 -0.0 	 -0.0 	 10.3 	 0.0 	 0.0 	 0.0 
4.653 	 329.0 	 -0.0 	 -0.0 	 13.7 	 0.0 	 0.0 	 0.0 
4.653 	 336.1 	 -0.0 	 -0.0 	 13.3 	 0.0 	 0.0 	 0.0 
4.653 	 342.2 	 -0.0 	 -0.0 	 7.7 	 0.0 	 0.0 	 0.0 
4.654 	 345.5 	 -0.0 	 -0.0 	 1.6 	 0.0 	 0.0 	 0.0 
4.654 	 350.7 	 -0.0 	 -0.0 	 -19.4 	 0.0 	 0.0 	 0.0 
4.654 	 355.6 	 -0.0 	 -0.0 	 -37.5 	 0.0 	 0.0 	 0.0 
4.654 	 356.9 	 -0.0 	 -0.0 	 -32.1 	 0.0 	 0.0 	 0.0 
4.655 	 0.5 	 -0.0 	 -0.0 	 -6.3 	 0.0 	 0.0 	 0.0 
4.655 	 4.5 	 -0.0 	 -0.0 	 12.7 	 0.0 	 0.0 	 0.0 
4.888 	 8.6 	 -0.0 	 -0.0 	 9.9 	 0.0 	 0.0 	 0.0 
4.889 	 11.7 	 -0.0 	 -0.0 	 12.1 	 0.0 	 0.0 	 0.0 
4.889 	 13.3 	 -0.0 	 -0.0 	 14.4 	 0.0 	 0.0 	 0.0 
4.890 	 17.3 	 -0.0 	 -0.0 	 4.1 	 0.0 	 0.0 	 0.0 
4.890 	 19.5 	 -0.0 	 -0.0 	 -0.6 	 0.0 	 0.0 	 0.0 
4.890 	 20.3 	 -0.0 	 -0.0 	 -2.1 	 0.0 	 0.0 	 0.0 
4.890 	 21.9 	 -0.0 	 -0.0 	 -4.4 	 0.0 	 0.0 	 0.0 
4.891 	 23.2 	 -0.0 	 -0.0 	 -4.4 	 0.0 	 0.0 	 0.0 
4.891 	 23.8 	 -0.0 	 -0.0 	 -0.2 	 0.0 	 0.0 	 0.0 
4.891 	 24.2 	 -0.0 	 -0.0 	 0.2 	 0.0 	 0.0 	 0.0 
5.093 	 25.6 	 -0.0 	 -0.0 	 -0.5 	 0.0 	 0.0 	 0.0 
5.093 	 26.7 	 -0.0 	 -0.0 	 -0.8 	 0.0 	 0.0 	 0.0 
5.094 	 28.0 	 -0.0 	 -0.0 	 0.9 	 0.0 	 0.0 	 0.0 
5.094 	 30.0 	 -0.0 	 -0.0 	 3.3 	 0.0 	 0.0 	 0.0 
5.094 	 31.3 	 -0.0 	 -0.0 	 2.8 	 0.0 	 0.0 	 0.0 
5.095 	 31.6 	 -0.0 	 -0.0 	 2.2 	 0.0 	 0.0 	 0.0 
5.095 	 31.9 	 -0.0 	 -0.0 	 1.3 	 0.0 	 0.0 	 0.0 
5.095 	 32.1 	 -0.0 	 -0.0 	 -0.9 	 0.0 	 0.0 	 0.0 
5.096 	 32.1 	 -0.0 	 -0.0 	 -1.1 	 0.0 	 0.0 	 0.0 
5.096 	 31.9 	 -0.0 	 -0.0 	 -0.7 	 0.0 	 0.0 	 0.0 
5.310 	 30.8 	 -0.0 	 -0.0 	 0.6 	 0.0 	 0.0 	 0.0 
5.310 	 30.3 	 -0.0 	 -0.0 	 0.5 	 0.0 	 0.0 	 0.0 
5.310 	 28.3 	 -0.0 	 -0.0 	 0.3 	 0.0 	 0.0 	 0.0 
5.311 	 24.5 	 -0.0 	 -0.0 	 2.7 	 0.0 	 0.0 	 0.0 
5.311 	 22.3 	 -0.0 	 -0.0 	 2.7 	 0.0 	 0.0 	 0.0 
5.311 	 17.0 	 -0.0 	 -0.0 	 0.4 	 0.0 	 0.0 	 0.0 
5.311 	 10.4 	 -0.0 	 -0.0 	 -1.0 	 0.0 	 0.0 	 0.0 
5.312 	 7.1 	 -0.0 	 -0.0 	 -1.7 	 0.0 	 0.0 	 0.0 
5.312 	 359.7 	 -0.0 	 -0.0 	 -2.5 	 0.0 	 0.0 	 0.0 
5.312 	 353.4 	 -0.0 	 -0.0 	 2.5 	 0.0 	 0.0 	 0.0 
5.538 	 339.9 	 -0.0 	 -0.0 	 -6.0 	 0.0 	 0.0 	 0.0 
5.538 	 331.1 	 -0.0 	 -0.0 	 1.3 	 0.0 	 0.0 	 0.0 
5.538 	 325.0 	 -0.0 	 -0.0 	 2.2 	 0.0 	 0.0 	 0.0 
5.539 	 321.7 	 -0.0 	 -0.0 	 2.4 	 0.0 	 0.0 	 0.0 
5.539 	 314.2 	 -0.0 	 -0.0 	 4.4 	 0.0 	 0.0 	 0.0 
5.539 	 306.1 	 -0.0 	 -0.0 	 5.6 	 0.0 	 0.0 	 0.0 
5.539 	 292.9 	 -0.0 	 -0.0 	 5.0 	 0.0 	 0.0 	 0.0 
5.540 	 288.7 	 -0.0 	 -0.0 	 6.9 	 0.0 	 0.0 	 0.0 
5.540 	 280.6 	 -0.0 	 -0.0 	 12.1 	 0.0 	 0.0 	 0.0 
5.540 	 255.6 	 -0.0 	 -0.0 	 7.9 	 0.0 	 0.0 	 0.0 
5.739 	 240.6 	 -0.0 	 -0.0 	 9.6 	 0.0 	 0.0 	 0.0 
5.739 	 237.9 	 -0.0 	 -0.0 	 6.1 	 0.0 	 0.0 	 0.0 
5.740 	 233.2 	 -0.0 	 -0.0 	 -3.8 	 0.0 	 0.0 	 0.0 
5.740 	 228.9 	 -0.0 	 -0.0 	 -9.7 	 0.0 	 0.0 	 0.0 
5.740 	 222.1 	 -0.0 	 -0.0 	 -9.6 	 0.0 	 0.0 	 0.0 
5.740 	 219.4 	 -0.0 	 -0.0 	 -11.1 	 0.0 	 0.0 	 0.0 
5.741 	 213.3 	 -0.0 	 -0.0 	 -11.7 	 0.0 	 0.0 	 0.0 
5.741 	 206.9 	 -0.0 	 -0.0 	 -6.5 	 0.0 	 0.0 	 0.0 
5.741 	 200.5 	 -0.0 	 -0.0 	 -0.8 	 0.0 	 0.0 	 0.0 
5.742 	 198.8 	 -0.0 	 -0.0 	 1.3 	 0.0 	 0.0 	 0.0 
5.956 	 195.4 	 -0.0 	 -0.0 	 2.8 	 0.0 	 0.0 	 0.0 
5.956 	 191.7 	 -0.0 	 -0.0 	 3.2 	 0.0 	 0.0 	 0.0 
5.956 	 186.2 	 -0.0 	 -0.0 	 0.2 	 0.0 	 0.0 	 0.0 
5.956 	 184.9 	 -0.0 	 -0.0 	 -1.6 	 0.0 	 0.0 	 0.0 
5.957 	 182.7 	 -0.0 	 -0.0 	 -8.5 	 0.0 	 0.0 	 0.0 
5.957 	 177.2 	 -0.0 	 -0.0 	 -6.5 	 0.0 	 0.0 	 0.0 
5.957 	 172.4 	 -0.0 	 -0.0 	 -0.4 	 0.0 	 0.0 	 0.0 
5.958 	 169.8 	 -0.0 	 -0.0 	 2.6 	 0.0 	 0.0 	 0.0 
5.958 	 162.6 	 -0.0 	 -0.0 	 18.5 	 0.0 	 0.0 	 0.0 
5.958 	 158.5 	 -0.0 	 -0.0 	 17.8 	 0.0 	 0.0 	 0.0 
6.184 	 130.6 	 -0.0 	 -0.0 	 12.4 	 0.0 	 0.0 	 0.0 
6.184 	 119.4 	 -0.0 	 -0.0 	 14.3 	 0.0 	 0.0 	 0.0 
6.184 	 109.5 	 -0.0 	 -0.0 	 9.0 	 0.0 	 0.0 	 0.0 
6.185 	 98.8 	 -0.0 	 -0.0 	 3.0 	 0.0 	 0.0 	 0.0 
6.185 	 95.8 	 -0.0 	 -0.0 	 5.7 	 0.0 	 0.0 	 0.0 
6.185 	 88.1 	 -0.0 	 -0.0 	 13.1 	 0.0 	 0.0 	 0.0 
6.185 	 80.3 	 -0.0 	 -0.0 	 13.6 	 0.0 	 0.0 	 0.0 
6.186 	 65.8 	 -0.0 	 -0.0 	 8.9 	 0.0 	 0.0 	 0.0 
6.186 	 57.7 	 -0.0 	 -0.0 	 11.1 	 0.0 	 0.0 	 0.0 
6.396 	 39.6 	 -0.0 	 -0.0 	 39.6 	 0.0 	 0.0 	 0.0 
6.397 	 36.7 	 -0.0 	 -0.0 	 42.7 	 0.0 	 0.0 	 0.0 
6.397 	 30.7 	 -0.0 	 -0.0 	 33.5 	 0.0 	 0.0 	 0.0 
6.397 	 27.4 	 -0.0 	 -0.0 	 24.5 	 0.0 	 0.0 	 0.0 
6.397 	 21.2 	 -0.0 	 -0.0 	 -5.1 	 0.0 	 0.0 	 0.0 
6.398 	 16.1 	 -0.0 	 -0.0 	 5.3 	 0.0 	 0.0 	 0.0 
6.398 	 8.9 	 -0.0 	 -0.0 	 -4.8 	 0.0 	 0.0 	 0.0 
6.398 	 6.7 	 -0.0 	 -0.0 	 -5.0 	 0.0 	 0.0 	 0.0 
6.398 	 0.9 	 -0.0 	 -0.0 	 6.4 	 0.0 	 0.0 	 0.0 
6.399 	 355.3 	 -0.0 	 -0.0 	 19.3 	 0.0 	 0.0 	 0.0 
6.609 	 339.3 	 -0.0 	 -0.0 	 32.3 	 0.0 	 0.0 	 0.0 
6.609 	 329.3 	 -0.0 	 -0.0 	 13.8 	 0.0 	 0.0 	 0.0 
6.609 	 324.4 	 -0.0 	 -0.0 	 18.4 	 0.0 	 0.0 	 0.0 
6.610 	 314.0 	 -0.0 	 -0.0 	 14.4 	 0.0 	 0.0 	 0.0 
6.610 	 304.8 	 -0.0 	 -0.0 	 38.5 	 0.0 	 0.0 	 0.0 
6.610 	 288.0 	 -0.0 	 -0.0 	 28.2 	 0.0 	 0.0 	 0.0 
6.610 	 270.9 	 -0.0 	 -0.0 	 29.5 	 0.0 	 0.0 	 0.0 
6.611 	 267.2 	 -0.0 	 -0.0 	 24.1 	 0.0 	 0.0 	 0.0 
6.611 	 264.2 	 -0.0 	 -0.0 	 -2.1 	 0.0 	 0.0 	 0.0 
6.611 	 264.5 	 -0.0 	 -0.0 	 -2.1 	 0.0 	 0.0 	 0.0 
6.826 	 263.0 	 -0.0 	 -0.0 	 -16.7 	 0.0 	 0.0 	 0.0 
6.826 	 255.8 	 -0.0 	 -0.0 	 10.7 	 0.0 	 0.0 	 0.0 
6.826 	 249.0 	 -0.0 	 -0.0 	 22.2 	 0.0 	 0.0 	 0.0 
6.826 	 245.2 	 -0.0 	 -0.0 	 23.6 	 0.0 	 0.0 	 0.0 
6.827 	 239.4 	 -0.0 	 -0.0 	 20.1 	 0.0 	 0.0 	 0.0 
6.827 	 234.1 	 -0.0 	 -0.0 	 14.1 	 0.0 	 0.0 	 0.0 
6.828 	 227.1 	 -0.0 	 -0.0 	 27.8 	 0.0 	 0.0 	 0.0 
6.828 	 222.0 	 -0.0 	 -0.0 	 36.9 	 0.0 	 0.0 	 0.0 
6.828 	 219.9 	 -0.0 	 -0.0 	 40.2 	 0.0 	 0.0 	 0.0 
7.034 	 207.8 	 -0.0 	 -0.0 	 -9.2 	 0.0 	 0.0 	 0.0 
7.035 	 203.2 	 -0.0 	 -0.0 	 -9.3 	 0.0 	 0.0 	 0.0 
7.035 	 201.0 	 -0.0 	 -0.0 	 -8.6 	 0.0 	 0.0 	 0.0 
7.035 	 196.3 	 -0.0 	 -0.0 	 -9.5 	 0.0 	 0.0 	 0.0 
7.035 	 194.3 	 -0.0 	 -0.0 	 -9.8 	 0.0 	 0.0 	 0.0 
7.036 	 192.5 	 -0.0 	 -0.0 	 -12.1 	 0.0 	 0.0 	 0.0 
7.036 	 186.0 	 -0.0 	 -0.0 	 -24.7 	 0.0 	 0.0 	 0.0 
7.036 	 177.6 	 -0.0 	 -0.0 	 -7.5 	 0.0 	 0.0 	 0.0 
7.037 	 168.9 	 -0.0 	 -0.0 	 -8.7 	 0.0 	 0.0 	 0.0 
7.037 	 165.7 	 -0.0 	 -0.0 	 1.6 	 0.0 	 0.0 	 0.0 
7.251 	 152.6 	 -0.0 	 -0.0 	 7.3 	 0.0 	 0.0 	 0.0 
7.251 	 143.2 	 -0.0 	 -0.0 	 2.3 	 0.0 	 0.0 	 0.0 
7.251 	 139.5 	 -0.0 	 -0.0 	 2.2 	 0.0 	 0.0 	 0.0 
7.252 	 131.6 	 -0.0 	 -0.0 	 8.8 	 0.0 	 0.0 	 0.0 
7.252 	 127.1 	 -0.0 	 -0.0 	 11.3 	 0.0 	 0.0 	 0.0 
7.252 	 118.1 	 -0.0 	 -0.0 	 15.9 	 0.0 	 0.0 	 0.0 
7.253 	 107.9 	 -0.0 	 -0.0 	 14.9 	 0.0 	 0.0 	 0.0 
7.253 	 91.2 	 -0.0 	 -0.0 	 8.0 	 0.0 	 0.0 	 0.0 
7.254 	 79.0 	 -0.0 	 -0.0 	 5.2 	 0.0 	 0.0 	 0.0 
7.475 	 67.4 	 -0.0 	 -0.0 	 -0.0 	 0.0 	 0.0 	 0.0 
7.475 	 63.9 	 -0.0 	 -0.0 	 25.6 	 0.0 	 0.0 	 0.0 
7.476 	 56.5 	 -0.0 	 -0.0 	 20.2 	 0.0 	 0.0 	 0.0 
7.476 	 44.5 	 -0.0 	 -0.0 	 18.3 	 0.0 	 0.0 	 0.0 
7.476 	 41.1 	 -0.0 	 -0.0 	 11.9 	 0.0 	 0.0 	 0.0 
7.476 	 28.6 	 -0.0 	 -0.0 	 1.4 	 0.0 	 0.0 	 0.0 
7.477 	 17.2 	 -0.0 	 -0.0 	 0.7 	 0.0 	 0.0 	 0.0 
7.477 	 14.5 	 -0.0 	 -0.0 	 -2.4 	 0.0 	 0.0 	 0.0 
7.477 	 11.1 	 -0.0 	 -0.0 	 -3.1 	 0.0 	 0.0 	 0.0 
7.478 	 7.6 	 -0.0 	 -0.0 	 -5.7 	 0.0 	 0.0 	 0.0 
7.691 	 359.8 	 -0.0 	 -0.0 	 -17.0 	 0.0 	 0.0 	 0.0 
7.692 	 355.0 	 -0.0 	 -0.0 	 7.5 	 0.0 	 0.0 	 0.0 
7.692 	 352.3 	 -0.0 	 -0.0 	 11.1 	 0.0 	 0.0 	 0.0 
7.692 	 350.7 	 -0.0 	 -0.0 	 9.0 	 0.0 	 0.0 	 0.0 
7.693 	 343.8 	 -0.0 	 -0.0 	 9.1 	 0.0 	 0.0 	 0.0 
7.693 	 328.5 	 -0.0 	 -0.0 	 -4.0 	 0.0 	 0.0 	 0.0 
7.693 	 322.4 	 -0.0 	 -0.0 	 -2.1 	 0.0 	 0.0 	 0.0 
7.694 	 307.5 	 -0.0 	 -0.0 	 -9.4 	 0.0 	 0.0 	 0.0 
7.694 	 299.2 	 -0.0 	 -0.0 	 10.3 	 0.0 	 0.0 	 0.0 
7.694 	 294.4 	 -0.0 	 -0.0 	 -0.9 	 0.0 	 0.0 	 0.0 
7.908 	 288.7 	 -0.0 	 -0.0 	 13.0 	 0.0 	 0.0 	 0.0 
7.908 	 282.7 	 -0.0 	 -0.0 	 15.4 	 0.0 	 0.0 	 0.0 
7.909 	 271.8 	 -0.0 	 -0.0 	 13.1 	 0.0 	 0.0 	 0.0 
7.909 	 267.7 	 -0.0 	 -0.0 	 10.1 	 0.0 	 0.0 	 0.0 
7.909 	 259.8 	 -0.0 	 -0.0 	 6.2 	 0.0 	 0.0 	 0.0 
7.909 	 255.7 	 -0.0 	 -0.0 	 5.4 	 0.0 	 0.0 	 0.0 
7.910 	 246.8 	 -0.0 	 -0.0 	 8.0 	 0.0 	 0.0 	 0.0 
7.910 	 236.7 	 -0.0 	 -0.0 	 13.6 	 0.0 	 0.0 	 0.0 
7.911 	 223.1 	 -0.0 	 -0.0 	 27.7 	 0.0 	 0.0 	 0.0 
7.911 	 219.2 	 -0.0 	 -0.0 	 31.3 	 0.0 	 0.0 	 0.0 
8.121 	 201.7 	 -0.0 	 -0.0 	 17.0 	 0.0 	 0.0 	 0.0 
8.121 	 197.0 	 -0.0 	 -0.0 	 4.9 	 0.0 	 0.0 	 0.0 
8.121 	 196.1 	 -0.0 	 -0.0 	 6.3 	 0.0 	 0.0 	 0.0 
8.122 	 193.4 	 -0.0 	 -0.0 	 7.7 	 0.0 	 0.0 	 0.0 
8.122 	 192.1 	 -0.0 	 -0.0 	 5.4 	 0.0 	 0.0 	 0.0 
8.122 	 189.1 	 -0.0 	 -0.0 	 -12.6 	 0.0 	 0.0 	 0.0 
8.123 	 185.5 	 -0.0 	 -0.0 	 -12.4 	 0.0 	 0.0 	 0.0 
8.123 	 183.6 	 -0.0 	 -0.0 	 -1.7 	 0.0 	 0.0 	 0.0 
8.123 	 182.0 	 -0.0 	 -0.0 	 -0.6 	 0.0 	 0.0 	 0.0 
8.124 	 180.8 	 -0.0 	 -0.0 	 1.0 	 0.0 	 0.0 	 0.0 
8.338 	 168.3 	 -0.0 	 -0.0 	 17.2 	 0.0 	 0.0 	 0.0 
8.338 	 152.0 	 -0.0 	 -0.0 	 6.0 	 0.0 	 0.0 	 0.0 
8.339 	 143.9 	 -0.0 	 -0.0 	 -15.2 	 0.0 	 0.0 	 0.0 
8.339 	 145.8 	 -0.0 	 -0.0 	 3.9 	 0.0 	 0.0 	 0.0 
8.339 	 145.3 	 -0.0 	 -0.0 	 -1.1 	 0.0 	 0.0 	 0.0 
8.340 	 142.7 	 -0.0 	 -0.0 	 -2.2 	 0.0 	 0.0 	 0.0 
8.340 	 139.2 	 -0.0 	 -0.0 	 -0.6 	 0.0 	 0.0 	 0.0 
8.340 	 138.2 	 -0.0 	 -0.0 	 -3.2 	 0.0 	 0.0 	 0.0 
8.341 	 135.6 	 -0.0 	 -0.0 	 -8.9 	 0.0 	 0.0 	 0.0 
8.561 	 126.4 	 -0.0 	 -0.0 	 -1.4 	 0.0 	 0.0 	 0.0 
8.562 	 117.2 	 -0.0 	 -0.0 	 7.4 	 0.0 	 0.0 	 0.0 
8.562 	 100.6 	 -0.0 	 -0.0 	 9.3 	 0.0 	 0.0 	 0.0 
8.562 	 89.1 	 -0.0 	 -0.0 	 2.0 	 0.0 	 0.0 	 0.0 
8.563 	 83.9 	 -0.0 	 -0.0 	 0.6 	 0.0 	 0.0 	 0.0 
8.563 	 60.9 	 -0.0 	 -0.0 	 13.8 	 0.0 	 0.0 	 0.0 
8.563 	 57.2 	 -0.0 	 -0.0 	 14.5 	 0.0 	 0.0 	 0.0 
8.564 	 50.6 	 -0.0 	 -0.0 	 15.6 	 0.0 	 0.0 	 0.0 
8.564 	 43.2 	 -0.0 	 -0.0 	 14.6 	 0.0 	 0.0 	 0.0 
8.564 	 34.1 	 -0.0 	 -0.0 	 8.2 	 0.0 	 0.0 	 0.0 
8.782 	 28.5 	 -0.0 	 -0.0 	 -1.2 	 0.0 	 0.0 	 0.0 
8.782 	 26.6 	 -0.0 	 -0.0 	 -2.8 	 0.0 	 0.0 	 0.0 
8.782 	 16.3 	 -0.0 	 -0.0 	 -12.0 	 0.0 	 0.0 	 0.0 
8.783 	 14.0 	 -0.0 	 -0.0 	 -16.4 	 0.0 	 0.0 	 0.0 
8.783 	 10.1 	 -0.0 	 -0.0 	 -10.5 	 0.0 	 0.0 	 0.0 
8.784 	 8.7 	 -0.0 	 -0.0 	 -12.4 	 0.0 	 0.0 	 0.0 
8.784 	 5.3 	 -0.0 	 -0.0 	 -21.5 	 0.0 	 0.0 	 0.0 
8.784 	 1.3 	 -0.0 	 -0.0 	 -14.1 	 0.0 	 0.0 	 0.0 
8.784 	 354.9 	 -0.0 	 -0.0 	 -5.4 	 0.0 	 0.0 	 0.0 
8.785 	 352.1 	 -0.0 	 -0.0 	 -8.3 	 0.0 	 0.0 	 0.0 
8.987 	 335.2 	 -0.0 	 -0.0 	 -14.5 	 0.0 	 0.0 	 0.0 
8.987 	 322.0 	 -0.0 	 -0.0 	 -5.8 	 0.0 	 0.0 	 0.0 
8.988 	 318.9 	 -0.0 	 -0.0 	 -3.3 	 0.0 	 0.0 	 0.0 
8.988 	 315.0 	 -0.0 	 -0.0 	 -3.5 	 0.0 	 0.0 	 0.0 
8.988 	 309.1 	 -0.0 	 -0.0 	 -5.4 	 0.0 	 0.0 	 0.0 
8.989 	 306.8 	 -0.0 	 -0.0 	 -4.6 	 0.0 	 0.0 	 0.0 
8.989 	 304.3 	 -0.0 	 -0.0 	 -4.4 	 0.0 	 0.0 	 0.0 
8.989 	 294.9 	 -0.0 	 -0.0 	 -8.0 	 0.0 	 0.0 	 0.0 
8.989 	 282.8 	 -0.0 	 -0.0 	 -5.9 	 0.0 	 0.0 	 0.0 
8.990 	 278.6 	 -0.0 	 -0.0 	 -5.6 	 0.0 	 0.0 	 0.0 
9.207 	 262.7 	 -0.0 	 -0.0 	 6.8 	 0.0 	 0.0 	 0.0 
9.208 	 258.3 	 -0.0 	 -0.0 	 8.1 	 0.0 	 0.0 	 0.0 
9.208 	 249.1 	 -0.0 	 -0.0 	 5.2 	 0.0 	 0.0 	 0.0 
9.208 	 236.3 	 -0.0 	 -0.0 	 5.2 	 0.0 	 0.0 	 0.0 
9.209 	 229.8 	 -0.0 	 -0.0 	 6.2 	 0.0 	 0.0 	 0.0 
9.209 	 226.9 	 -0.0 	 -0.0 	 2.9 	 0.0 	 0.0 	 0.0 
9.209 	 221.2 	 -0.0 	 -0.0 	 4.8 	 0.0 	 0.0 	 0.0 
9.210 	 213.3 	 -0.0 	 -0.0 	 7.0 	 0.0 	 0.0 	 0.0 
9.210 	 210.8 	 -0.0 	 -0.0 	 8.0 	 0.0 	 0.0 	 0.0 
9.211 	 208.1 	 -0.0 	 -0.0 	 23.0 	 0.0 	 0.0 	 0.0 
9.416 	 204.3 	 -0.0 	 -0.0 	 3.3 	 0.0 	 0.0 	 0.0 
9.417 	 199.2 	 -0.0 	 -0.0 	 -0.5 	 0.0 	 0.0 	 0.0 
9.417 	 193.1 	 -0.0 	 -0.0 	 1.1 	 0.0 	 0.0 	 0.0 
9.418 	 184.7 	 -0.0 	 -0.0 	 3.2 	 0.0 	 0.0 	 0.0 
9.418 	 182.4 	 -0.0 	 -0.0 	 5.3 	 0.0 	 0.0 	 0.0 
9.418 	 180.3 	 -0.0 	 -0.0 	 -2.3 	 0.0 	 0.0 	 0.0 
9.419 	 179.6 	 -0.0 	 -0.0 	 -5.0 	 0.0 	 0.0 	 0.0 
9.419 	 178.3 	 -0.0 	 -0.0 	 -0.0 	 0.0 	 0.0 	 0.0 
9.419 	 176.6 	 -0.0 	 -0.0 	 7.9 	 0.0 	 0.0 	 0.0 
9.633 	 163.3 	 -0.0 	 -0.0 	 2.8 	 0.0 	 0.0 	 0.0 
9.633 	 155.3 	 -0.0 	 -0.0 	 -3.0 	 0.0 	 0.0 	 0.0 
9.633 	 147.6 	 -0.0 	 -0.0 	 -7.2 	 0.0 	 0.0 	 0.0 
9.634 	 141.4 	 -0.0 	 -0.0 	 -6.0 	 0.0 	 0.0 	 0.0 
9.634 	 139.2 	 -0.0 	 -0.0 	 -6.0 	 0.0 	 0.0 	 0.0 
9.634 	 132.9 	 -0.0 	 -0.0 	 -5.8 	 0.0 	 0.0 	 0.0 
9.635 	 127.3 	 -0.0 	 -0.0 	 -6.4 	 0.0 	 0.0 	 0.0 
9.635 	 111.9 	 -0.0 	 -0.0 	 2.6 	 0.0 	 0.0 	 0.0 
9.635 	 96.9 	 -0.0 	 -0.0 	 10.7 	 0.0 	 0.0 	 0.0 
9.635 	 81.5 	 -0.0 	 -0.0 	 12.9 	 0.0 	 0.0 	 0.0 
9.872 	 65.5 	 -0.0 	 -0.0 	 6.4 	 0.0 	 0.0 	 0.0 
9.872 	 54.0 	 -0.0 	 -0.0 	 7.2 	 0.0 	 0.0 	 0.0 
9.872 	 39.1 	 -0.0 	 -0.0 	 14.3 	 0.0 	 0.0 	 0.0 
9.873 	 29.6 	 -0.0 	 -0.0 	 13.5 	 0.0 	 0.0 	 0.0 
9.873 	 19.4 	 -0.0 	 -0.0 	 10.5 	 0.0 	 0.0 	 0.0 
9.873 	 16.2 	 -0.0 	 -0.0 	 10.2 	 0.0 	 0.0 	 0.0 
9.874 	 14.8 	 -0.0 	 -0.0 	 12.2 	 0.0 	 0.0 	 0.0 
9.874 	 12.6 	 -0.0 	 -0.0 	 13.1 	 0.0 	 0.0 	 0.0 
9.874 	 9.2 	 -0.0 	 -0.0 	 16.2 	 0.0 	 0.0 	 0.0 
10.073 	 358.0 	 -0.0 	 -0.0 	 2.8 	 0.0 	 0.0 	 0.0 
10.074 	 352.3 	 -0.0 	 -0.0 	 14.3 	 0.0 	 0.0 	 0.0 
10.074 	 347.1 	 -0.0 	 -0.0 	 10.8 	 0.0 	 0.0 	 0.0 
10.074 	 343.9 	 -0.0 	 -0.0 	 2.1 	 0.0 	 0.0 	 0.0 
10.074 	 341.9 	 -0.0 	 -0.0 	 1.8 	 0.0 	 0.0 	 0.0 
10.075 	 340.6 	 -0.0 	 -0.0 	 1.0 	 0.0 	 0.0 	 0.0 
10.075 	 335.1 	 -0.0 	 -0.0 	 -4.1 	 0.0 	 0.0 	 0.0 
10.076 	 329.7 	 -0.0 	 -0.0 	 -7.1 	 0.0 	 0.0 	 0.0 
10.076 	 326.8 	 -0.0 	 -0.0 	 -6.3 	 0.0 	 0.0 	 0.0 
10.076 	 320.2 	 -0.0 	 -0.0 	 -9.1 	 0.0 	 0.0 	 0.0 
10.290 	 306.9 	 -0.0 	 -0.0 	 -7.9 	 0.0 	 0.0 	 0.0 
10.290 	 304.3 	 -0.0 	 -0.0 	 -6.8 	 0.0 	 0.0 	 0.0 
10.290 	 298.2 	 -0.0 	 -0.0 	 -2.1 	 0.0 	 0.0 	 0.0 
10.291 	 287.2 	 -0.0 	 -0.0 	 7.4 	 0.0 	 0.0 	 0.0 
10.291 	 284.1 	 -0.0 	 -0.0 	 3.5 	 0.0 	 0.0 	 0.0 
10.291 	 283.4 	 -0.0 	 -0.0 	 4.7 	 0.0 	 0.0 	 0.0 
10.292 	 281.4 	 -0.0 	 -0.0 	 4.4 	 0.0 	 0.0 	 0.0 
10.292 	 280.0 	 -0.0 	 -0.0 	 2.9 	 0.0 	 0.0 	 0.0 
10.292 	 276.6 	 -0.0 	 -0.0 	 -1.2 	 0.0 	 0.0 	 0.0 
10.292 	 272.2 	 -0.0 	 -0.0 	 0.6 	 0.0 	 0.0 	 0.0 
10.503 	 260.3 	 -0.0 	 -0.0 	 -10.4 	 0.0 	 0.0 	 0.0 
10.503 	 254.1 	 -0.0 	 -0.0 	 -15.4 	 0.0 	 0.0 	 0.0 
10.503 	 246.6 	 -0.0 	 -0.0 	 -13.2 	 0.0 	 0.0 	 0.0 
10.504 	 242.1 	 -0.0 	 -0.0 	 -8.3 	 0.0 	 0.0 	 0.0 
10.504 	 240.0 	 -0.0 	 -0.0 	 -7.2 	 0.0 	 0.0 	 0.0 
10.504 	 235.5 	 -0.0 	 -0.0 	 -6.8 	 0.0 	 0.0 	 0.0 
10.504 	 227.8 	 -0.0 	 -0.0 	 -7.0 	 0.0 	 0.0 	 0.0 
10.505 	 225.5 	 -0.0 	 -0.0 	 -5.6 	 0.0 	 0.0 	 0.0 
10.505 	 215.8 	 -0.0 	 -0.0 	 -6.1 	 0.0 	 0.0 	 0.0 
10.719 	 207.4 	 -0.0 	 -0.0 	 0.0 	 0.0 	 0.0 	 0.0 
10.719 	 203.7 	 -0.0 	 -0.0 	 4.2 	 0.0 	 0.0 	 0.0 
10.720 	 199.5 	 -0.0 	 -0.0 	 7.8 	 0.0 	 0.0 	 0.0 
10.720 	 197.5 	 -0.0 	 -0.0 	 7.6 	 0.0 	 0.0 	 0.0 
10.720 	 192.3 	 -0.0 	 -0.0 	 2.4 	 0.0 	 0.0 	 0.0 
10.721 	 180.8 	 -0.0 	 -0.0 	 -0.7 	 0.0 	 0.0 	 0.0 
10.721 	 172.3 	 -0.0 	 -0.0 	 11.2 	 0.0 	 0.0 	 0.0 
10.721 	 168.5 	 -0.0 	 -0.0 	 10.4 	 0.0 	 0.0 	 0.0 
10.721 	 161.2 	 -0.0 	 -0.0 	 8.9 	 0.0 	 0.0 	 0.0 
10.722 	 151.3 	 -0.0 	 -0.0 	 8.9 	 0.0 	 0.0 	 0.0 
10.944 	 143.5 	 -0.0 	 -0.0 	 9.8 	 0.0 	 0.0 	 0.0 
10.945 	 139.1 	 -0.0 	 -0.0 	 2.2 	 0.0 	 0.0 	 0.0 
10.945 	 132.9 	 -0.0 	 -0.0 	 -6.2 	 0.0 	 0.0 	 0.0 
10.945 	 130.4 	 -0.0 	 -0.0 	 -1.8 	 0.0 	 0.0 	 0.0 
10.946 	 125.8 	 -0.0 	 -0.0 	 4.4 	 0.0 	 0.0 	 0.0 
10.946 	 120.8 	 -0.0 	 -0.0 	 3.5 	 0.0 	 0.0 	 0.0 
10.946 	 113.6 	 -0.0 	 -0.0 	 -1.5 	 0.0 	 0.0 	 0.0 
10.947 	 110.8 	 -0.0 	 -0.0 	 -3.5 	 0.0 	 0.0 	 0.0 
10.947 	 104.2 	 -0.0 	 -0.0 	 -4.2 	 0.0 	 0.0 	 0.0 
10.948 	 100.0 	 -0.0 	 -0.0 	 -4.0 	 0.0 	 0.0 	 0.0 
11.160 	 78.4 	 -0.0 	 -0.0 	 -11.6 	 0.0 	 0.0 	 0.0 
11.160 	 64.3 	 -0.0 	 -0.0 	 -5.7 	 0.0 	 0.0 	 0.0 
11.160 	 59.1 	 -0.0 	 -0.0 	 -7.9 	 0.0 	 0.0 	 0.0 
11.161 	 50.5 	 -0.0 	 -0.0 	 -12.8 	 0.0 	 0.0 	 0.0 
11.161 	 45.4 	 -0.0 	 -0.0 	 -13.8 	 0.0 	 0.0 	 0.0 
11.161 	 36.8 	 -0.0 	 -0.0 	 -14.5 	 0.0 	 0.0 	 0.0 
11.162 	 34.8 	 -0.0 	 -0.0 	 -8.1 	 0.0 	 0.0 	 0.0 
11.162 	 27.5 	 -0.0 	 -0.0 	 11.0 	 0.0 	 0.0 	 0.0 
11.162 	 24.0 	 -0.0 	 -0.0 	 9.7 	 0.0 	 0.0 	 0.0 
11.163 	 19.9 	 -0.0 	 -0.0 	 13.4 	 0.0 	 0.0 	 0.0 
11.377 	 3.3 	 -0.0 	 -0.0 	 8.8 	 0.0 	 0.0 	 0.0 
11.377 	 1.2 	 -0.0 	 -0.0 	 5.8 	 0.0 	 0.0 	 0.0 
11.377 	 355.1 	 -0.0 	 -0.0 	 4.5 	 0.0 	 0.0 	 0.0 
11.378 	 351.6 	 -0.0 	 -0.0 	 3.0 	 0.0 	 0.0 	 0.0 
11.378 	 344.5 	 -0.0 	 -0.0 	 -2.4 	 0.0 	 0.0 	 0.0 
11.378 	 337.9 	 -0.0 	 -0.0 	 -2.7 	 0.0 	 0.0 	 0.0 
11.379 	 328.7 	 -0.0 	 -0.0 	 5.4 	 0.0 	 0.0 	 0.0 
11.379 	 325.2 	 -0.0 	 -0.0 	 5.3 	 0.0 	 0.0 	 0.0 
11.379 	 315.7 	 -0.0 	 -0.0 	 -1.2 	 0.0 	 0.0 	 0.0 
11.379 	 303.3 	 -0.0 	 -0.0 	 -4.9 	 0.0 	 0.0 	 0.0 
11.586 	 277.7 	 -0.0 	 -0.0 	 -7.5 	 0.0 	 0.0 	 0.0 
11.587 	 266.9 	 -0.0 	 -0.0 	 -6.6 	 0.0 	 0.0 	 0.0 
11.587 	 261.9 	 -0.0 	 -0.0 	 -4.7 	 0.0 	 0.0 	 0.0 
11.587 	 253.2 	 -0.0 	 -0.0 	 -4.5 	 0.0 	 0.0 	 0.0 
11.588 	 245.6 	 -0.0 	 -0.0 	 -6.4 	 0.0 	 0.0 	 0.0 
11.588 	 234.8 	 -0.0 	 -0.0 	 -8.8 	 0.0 	 0.0 	 0.0 
11.589 	 231.4 	 -0.0 	 -0.0 	 -7.1 	 0.0 	 0.0 	 0.0 
11.589 	 222.1 	 -0.0 	 -0.0 	 -2.7 	 0.0 	 0.0 	 0.0 
11.590 	 211.9 	 -0.0 	 -0.0 	 -6.2 	 0.0 	 0.0 	 0.0 
11.590 	 196.0 	 -0.0 	 -0.0 	 -10.2 	 0.0 	 0.0 	 0.0 
11.806 	 183.4 	 -0.0 	 -0.0 	 33.1 	 0.0 	 0.0 	 0.0 
11.806 	 177.0 	 -0.0 	 -0.0 	 15.4 	 0.0 	 0.0 	 0.0 
11.806 	 170.6 	 -0.0 	 -0.0 	 2.8 	 0.0 	 0.0 	 0.0 
11.806 	 168.2 	 -0.0 	 -0.0 	 3.3 	 0.0 	 0.0 	 0.0 
11.807 	 160.6 	 -0.0 	 -0.0 	 10.6 	 0.0 	 0.0 	 0.0 
11.807 	 142.1 	 -0.0 	 -0.0 	 3.8 	 0.0 	 0.0 	 0.0 
11.807 	 131.8 	 -0.0 	 -0.0 	 8.3 	 0.0 	 0.0 	 0.0 
11.808 	 129.6 	 -0.0 	 -0.0 	 7.4 	 0.0 	 0.0 	 0.0 
11.808 	 128.2 	 -0.0 	 -0.0 	 2.0 	 0.0 	 0.0 	 0.0 
11.809 	 128.2 	 -0.0 	 -0.0 	 -1.1 	 0.0 	 0.0 	 0.0 
12.014 	 120.8 	 -0.0 	 -0.0 	 0.9 	 0.0 	 0.0 	 0.0 
12.014 	 110.2 	 -0.0 	 -0.0 	 0.9 	 0.0 	 0.0 	 0.0 
12.015 	 107.7 	 -0.0 	 -0.0 	 -6.8 	 0.0 	 0.0 	 0.0 
12.015 	 101.4 	 -0.0 	 -0.0 	 -9.1 	 0.0 	 0.0 	 0.0 
12.015 	 97.5 	 -0.0 	 -0.0 	 -5.2 	 0.0 	 0.0 	 0.0 
12.015 	 96.6 	 -0.0 	 -0.0 	 3.5 	 0.0 	 0.0 	 0.0 
12.016 	 92.5 	 -0.0 	 -0.0 	 7.8 	 0.0 	 0.0 	 0.0 
12.016 	 86.1 	 -0.0 	 -0.0 	 -14.2 	 0.0 	 0.0 	 0.0 
12.016 	 80.2 	 -0.0 	 -0.0 	 -16.6 	 0.0 	 0.0 	 0.0 
12.016 	 78.0 	 -0.0 	 -0.0 	 -22.4 	 0.0 	 0.0 	 0.0 
12.231 	 80.5 	 -0.0 	 -0.0 	 -43.0 	 0.0 	 0.0 	 0.0 
12.232 	 79.5 	 -0.0 	 -0.0 	 -6.0 	 0.0 	 0.0 	 0.0 
12.232 	 78.1 	 -0.0 	 -0.0 	 -5.5 	 0.0 	 0.0 	 0.0 
12.232 	 74.2 	 -0.0 	 -0.0 	 -5.0 	 0.0 	 0.0 	 0.0 
12.232 	 69.2 	 -0.0 	 -0.0 	 -1.2 	 0.0 	 0.0 	 0.0 
12.233 	 66.3 	 -0.0 	 -0.0 	 0.9 	 0.0 	 0.0 	 0.0 
12.233 	 60.0 	 -0.0 	 -0.0 	 0.5 	 0.0 	 0.0 	 0.0 
12.233 	 49.3 	 -0.0 	 -0.0 	 -0.9 	 0.0 	 0.0 	 0.0 
12.234 	 45.5 	 -0.0 	 -0.0 	 1.6 	 0.0 	 0.0 	 0.0 
12.234 	 38.5 	 -0.0 	 -0.0 	 5.8 	 0.0 	 0.0 	 0.0 
12.455 	 19.8 	 -0.0 	 -0.0 	 13.3 	 0.0 	 0.0 	 0.0 
12.456 	 15.6 	 -0.0 	 -0.0 	 1.4 	 0.0 	 0.0 	 0.0 
12.456 	 7.9 	 -0.0 	 -0.0 	 -10.4 	 0.0 	 0.0 	 0.0 
12.456 	 2.5 	 -0.0 	 -0.0 	 -1.2 	 0.0 	 0.0 	 0.0 
12.457 	 357.8 	 -0.0 	 -0.0 	 10.1 	 0.0 	 0.0 	 0.0 
12.457 	 354.3 	 -0.0 	 -0.0 	 -2.1 	 0.0 	 0.0 	 0.0 
12.457 	 350.7 	 -0.0 	 -0.0 	 -6.9 	 0.0 	 0.0 	 0.0 
12.458 	 342.4 	 -0.0 	 -0.0 	 -10.3 	 0.0 	 0.0 	 0.0 
12.458 	 338.4 	 -0.0 	 -0.0 	 -10.4 	 0.0 	 0.0 	 0.0 
12.459 	 329.2 	 -0.0 	 -0.0 	 -7.8 	 0.0 	 0.0 	 0.0 
12.657 	 313.9 	 -0.0 	 -0.0 	 -13.0 	 0.0 	 0.0 	 0.0 
12.657 	 305.6 	 -0.0 	 -0.0 	 -12.2 	 0.0 	 0.0 	 0.0 
12.657 	 295.7 	 -0.0 	 -0.0 	 -4.7 	 0.0 	 0.0 	 0.0 
12.658 	 292.1 	 -0.0 	 -0.0 	 -3.8 	 0.0 	 0.0 	 0.0 
12.658 	 284.8 	 -0.0 	 -0.0 	 -5.8 	 0.0 	 0.0 	 0.0 
12.658 	 276.9 	 -0.0 	 -0.0 	 -11.1 	 0.0 	 0.0 	 0.0 
12.659 	 265.0 	 -0.0 	 -0.0 	 -15.1 	 0.0 	 0.0 	 0.0 
12.659 	 261.1 	 -0.0 	 -0.0 	 -13.9 	 0.0 	 0.0 	 0.0 
12.659 	 253.1 	 -0.0 	 -0.0 	 -8.8 	 0.0 	 0.0 	 0.0 
12.659 	 249.2 	 -0.0 	 -0.0 	 -7.7 	 0.0 	 0.0 	 0.0 
12.881 	 242.6 	 -0.0 	 -0.0 	 -7.2 	 0.0 	 0.0 	 0.0 
12.881 	 237.1 	 -0.0 	 -0.0 	 -11.4 	 0.0 	 0.0 	 0.0 
12.881 	 227.5 	 -0.0 	 -0.0 	 -27.1 	 0.0 	 0.0 	 0.0 
12.882 	 217.9 	 -0.0 	 -0.0 	 -13.9 	 0.0 	 0.0 	 0.0 
12.882 	 214.2 	 -0.0 	 -0.0 	 -13.7 	 0.0 	 0.0 	 0.0 
12.883 	 205.1 	 -0.0 	 -0.0 	 -18.1 	 0.0 	 0.0 	 0.0 
12.883 	 194.6 	 -0.0 	 -0.0 	 12.9 	 0.0 	 0.0 	 0.0 
12.883 	 189.4 	 -0.0 	 -0.0 	 2.4 	 0.0 	 0.0 	 0.0 
12.883 	 179.3 	 -0.0 	 -0.0 	 10.5 	 0.0 	 0.0 	 0.0 
12.884 	 176.1 	 -0.0 	 -0.0 	 10.9 	 0.0 	 0.0 	 0.0 
13.098 	 163.3 	 -0.0 	 -0.0 	 0.1 	 0.0 	 0.0 	 0.0 
13.098 	 156.3 	 -0.0 	 -0.0 	 -23.0 	 0.0 	 0.0 	 0.0 
13.098 	 152.4 	 -0.0 	 -0.0 	 1.1 	 0.0 	 0.0 	 0.0 
13.098 	 146.4 	 -0.0 	 -0.0 	 4.3 	 0.0 	 0.0 	 0.0 
13.099 	 143.2 	 -0.0 	 -0.0 	 15.0 	 0.0 	 0.0 	 0.0 
13.099 	 135.6 	 -0.0 	 -0.0 	 14.0 	 0.0 	 0.0 	 0.0 
13.099 	 127.7 	 -0.0 	 -0.0 	 11.4 	 0.0 	 0.0 	 0.0 
13.100 	 113.6 	 -0.0 	 -0.0 	 5.0 	 0.0 	 0.0 	 0.0 
13.100 	 108.6 	 -0.0 	 -0.0 	 3.1 	 0.0 	 0.0 	 0.0 
13.100 	 98.9 	 -0.0 	 -0.0 	 2.6 	 0.0 	 0.0 	 0.0 
13.314 	 80.6 	 -0.0 	 -0.0 	 -19.7 	 0.0 	 0.0 	 0.0 
13.314 	 76.2 	 -0.0 	 -0.0 	 -21.9 	 0.0 	 0.0 	 0.0 
13.315 	 65.7 	 -0.0 	 -0.0 	 -29.7 	 0.0 	 0.0 	 0.0 
13.315 	 52.5 	 -0.0 	 -0.0 	 -34.8 	 0.0 	 0.0 	 0.0 
13.316 	 41.2 	 -0.0 	 -0.0 	 -16.4 	 0.0 	 0.0 	 0.0 
13.316 	 37.6 	 -0.0 	 -0.0 	 -17.6 	 0.0 	 0.0 	 0.0 
13.317 	 31.2 	 -0.0 	 -0.0 	 -27.8 	 0.0 	 0.0 	 0.0 
13.317 	 23.6 	 -0.0 	 -0.0 	 -13.7 	 0.0 	 0.0 	 0.0 
13.317 	 16.2 	 -0.0 	 -0.0 	 -8.4 	 0.0 	 0.0 	 0.0 
13.317 	 13.1 	 -0.0 	 -0.0 	 -13.7 	 0.0 	 0.0 	 0.0 
13.527 	 8.4 	 -0.0 	 -0.0 	 2.4 	 0.0 	 0.0 	 0.0 
13.527 	 8.6 	 -0.0 	 -0.0 	 -4.2 	 0.0 	 0.0 	 0.0 
13.527 	 9.0 	 -0.0 	 -0.0 	 -2.5 	 0.0 	 0.0 	 0.0 
13.527 	 7.4 	 -0.0 	 -0.0 	 -5.0 	 0.0 	 0.0 	 0.0 
13.527 	 5.4 	 -0.0 	 -0.0 	 -6.8 	 0.0 	 0.0 	 0.0 
13.528 	 356.2 	 -0.0 	 -0.0 	 -15.7 	 0.0 	 0.0 	 0.0 
13.528 	 344.9 	 -0.0 	 -0.0 	 -9.0 	 0.0 	 0.0 	 0.0 
13.528 	 332.7 	 -0.0 	 -0.0 	 -4.1 	 0.0 	 0.0 	 0.0 
13.529 	 330.0 	 -0.0 	 -0.0 	 -0.6 	 0.0 	 0.0 	 0.0 
13.529 	 324.6 	 -0.0 	 -0.0 	 4.7 	 0.0 	 0.0 	 0.0 
13.743 	 309.0 	 -0.0 	 -0.0 	 -1.7 	 0.0 	 0.0 	 0.0 
13.743 	 283.9 	 -0.0 	 -0.0 	 -21.1 	 0.0 	 0.0 	 0.0 
13.743 	 266.6 	 -0.0 	 -0.0 	 -17.5 	 0.0 	 0.0 	 0.0 
13.744 	 261.3 	 -0.0 	 -0.0 	 -13.9 	 0.0 	 0.0 	 0.0 
13.744 	 251.1 	 -0.0 	 -0.0 	 -7.8 	 0.0 	 0.0 	 0.0 
13.745 	 246.2 	 -0.0 	 -0.0 	 -6.7 	 0.0 	 0.0 	 0.0 
13.745 	 237.0 	 -0.0 	 -0.0 	 -15.7 	 0.0 	 0.0 	 0.0 
13.745 	 228.1 	 -0.0 	 -0.0 	 -18.6 	 0.0 	 0.0 	 0.0 
13.746 	 214.7 	 -0.0 	 -0.0 	 -17.5 	 0.0 	 0.0 	 0.0 
13.952 	 201.1 	 -0.0 	 -0.0 	 -6.5 	 0.0 	 0.0 	 0.0 
13.952 	 194.3 	 -0.0 	 -0.0 	 23.1 	 0.0 	 0.0 	 0.0 
13.953 	 184.2 	 -0.0 	 -0.0 	 21.4 	 0.0 	 0.0 	 0.0 
13.953 	 181.8 	 -0.0 	 -0.0 	 23.8 	 0.0 	 0.0 	 0.0 
13.953 	 176.6 	 -0.0 	 -0.0 	 21.5 	 0.0 	 0.0 	 0.0 
13.955 	 172.9 	 -0.0 	 -0.0 	 9.5 	 0.0 	 0.0 	 0.0 
13.955 	 165.2 	 -0.0 	 -0.0 	 -6.4 	 0.0 	 0.0 	 0.0 
13.955 	 161.1 	 -0.0 	 -0.0 	 -5.6 	 0.0 	 0.0 	 0.0 
13.955 	 152.5 	 -0.0 	 -0.0 	 12.1 	 0.0 	 0.0 	 0.0 
13.956 	 140.3 	 -0.0 	 -0.0 	 21.3 	 0.0 	 0.0 	 0.0 
14.168 	 133.4 	 -0.0 	 -0.0 	 9.6 	 0.0 	 0.0 	 0.0 
14.169 	 128.0 	 -0.0 	 -0.0 	 9.0 	 0.0 	 0.0 	 0.0 
14.169 	 124.8 	 -0.0 	 -0.0 	 7.7 	 0.0 	 0.0 	 0.0 
14.169 	 106.5 	 -0.0 	 -0.0 	 -10.1 	 0.0 	 0.0 	 0.0 
14.170 	 91.7 	 -0.0 	 -0.0 	 -16.1 	 0.0 	 0.0 	 0.0 
14.170 	 82.3 	 -0.0 	 -0.0 	 -15.1 	 0.0 	 0.0 	 0.0 
14.170 	 55.8 	 -0.0 	 -0.0 	 -31.3 	 0.0 	 0.0 	 0.0 
14.171 	 47.1 	 -0.0 	 -0.0 	 -72.2 	 0.0 	 0.0 	 0.0 
14.171 	 44.7 	 -0.0 	 -0.0 	 -76.9 	 0.0 	 0.0 	 0.0 
14.393 	 35.1 	 -0.0 	 -0.0 	 -4.0 	 0.0 	 0.0 	 0.0 
14.393 	 31.9 	 -0.0 	 -0.0 	 14.3 	 0.0 	 0.0 	 0.0 
14.393 	 26.7 	 -0.0 	 -0.0 	 -5.0 	 0.0 	 0.0 	 0.0 
14.394 	 24.0 	 -0.0 	 -0.0 	 2.1 	 0.0 	 0.0 	 0.0 
14.394 	 21.5 	 -0.0 	 -0.0 	 6.7 	 0.0 	 0.0 	 0.0 
14.394 	 21.0 	 -0.0 	 -0.0 	 8.3 	 0.0 	 0.0 	 0.0 
14.394 	 19.7 	 -0.0 	 -0.0 	 9.8 	 0.0 	 0.0 	 0.0 
14.395 	 18.8 	 -0.0 	 -0.0 	 5.6 	 0.0 	 0.0 	 0.0 
14.395 	 16.5 	 -0.0 	 -0.0 	 -0.6 	 0.0 	 0.0 	 0.0 
14.395 	 10.4 	 -0.0 	 -0.0 	 -24.6 	 0.0 	 0.0 	 0.0 
14.610 	 356.2 	 -0.0 	 -0.0 	 -8.9 	 0.0 	 0.0 	 0.0 
14.610 	 346.9 	 -0.0 	 -0.0 	 1.2 	 0.0 	 0.0 	 0.0 
14.610 	 337.6 	 -0.0 	 -0.0 	 -4.4 	 0.0 	 0.0 	 0.0 
14.610 	 319.2 	 -0.0 	 -0.0 	 3.1 	 0.0 	 0.0 	 0.0 
14.611 	 311.6 	 -0.0 	 -0.0 	 -0.5 	 0.0 	 0.0 	 0.0 
14.611 	 298.1 	 -0.0 	 -0.0 	 -16.9 	 0.0 	 0.0 	 0.0 
14.612 	 292.5 	 -0.0 	 -0.0 	 -18.1 	 0.0 	 0.0 	 0.0 
14.612 	 282.4 	 -0.0 	 -0.0 	 -21.1 	 0.0 	 0.0 	 0.0 
14.612 	 270.2 	 -0.0 	 -0.0 	 -24.8 	 0.0 	 0.0 	 0.0 
14.612 	 252.3 	 -0.0 	 -0.0 	 -24.8 	 0.0 	 0.0 	 0.0 
14.822 	 236.6 	 -0.0 	 -0.0 	 -16.8 	 0.0 	 0.0 	 0.0 
14.823 	 226.4 	 -0.0 	 -0.0 	 -14.8 	 0.0 	 0.0 	 0.0 
14.823 	 211.8 	 -0.0 	 -0.0 	 -23.5 	 0.0 	 0.0 	 0.0 
14.823 	 205.3 	 -0.0 	 -0.0 	 -29.6 	 0.0 	 0.0 	 0.0 
14.823 	 190.5 	 -0.0 	 -0.0 	 -17.4 	 0.0 	 0.0 	 0.0 
14.824 	 181.8 	 -0.0 	 -0.0 	 -15.8 	 0.0 	 0.0 	 0.0 
14.824 	 170.0 	 -0.0 	 -0.0 	 -15.7 	 0.0 	 0.0 	 0.0 
14.824 	 167.5 	 -0.0 	 -0.0 	 -23.2 	 0.0 	 0.0 	 0.0 
14.824 	 163.0 	 -0.0 	 -0.0 	 -35.0 	 0.0 	 0.0 	 0.0 
15.038 	 149.9 	 -0.0 	 -0.0 	 -38.9 	 0.0 	 0.0 	 0.0 
15.039 	 140.7 	 -0.0 	 -0.0 	 -44.0 	 0.0 	 0.0 	 0.0 
15.039 	 138.9 	 -0.0 	 -0.0 	 -31.5 	 0.0 	 0.0 	 0.0 
15.039 	 137.5 	 -0.0 	 -0.0 	 -11.1 	 0.0 	 0.0 	 0.0 
15.040 	 134.3 	 -0.0 	 -0.0 	 -2.4 	 0.0 	 0.0 	 0.0 
15.040 	 132.2 	 -0.0 	 -0.0 	 -8.1 	 0.0 	 0.0 	 0.0 
15.040 	 129.0 	 -0.0 	 -0.0 	 -22.0 	 0.0 	 0.0 	 0.0 
15.040 	 115.2 	 -0.0 	 -0.0 	 -39.0 	 0.0 	 0.0 	 0.0 
15.041 	 103.3 	 -0.0 	 -0.0 	 -54.5 	 0.0 	 0.0 	 0.0 
15.041 	 100.0 	 -0.0 	 -0.0 	 -55.6 	 0.0 	 0.0 	 0.0 
15.251 	 87.8 	 -0.0 	 -0.0 	 -18.7 	 0.0 	 0.0 	 0.0 
15.251 	 76.8 	 -0.0 	 -0.0 	 -13.3 	 0.0 	 0.0 	 0.0 
15.252 	 72.1 	 -0.0 	 -0.0 	 -22.1 	 0.0 	 0.0 	 0.0 
15.252 	 62.5 	 -0.0 	 -0.0 	 -28.3 	 0.0 	 0.0 	 0.0 
15.252 	 55.1 	 -0.0 	 -0.0 	 -27.5 	 0.0 	 0.0 	 0.0 
15.252 	 47.0 	 -0.0 	 -0.0 	 -4.1 	 0.0 	 0.0 	 0.0 
15.253 	 45.0 	 -0.0 	 -0.0 	 13.3 	 0.0 	 0.0 	 0.0 
15.253 	 40.4 	 -0.0 	 -0.0 	 24.3 	 0.0 	 0.0 	 0.0 
15.253 	 36.8 	 -0.0 	 -0.0 	 29.8 	 0.0 	 0.0 	 0.0 
15.254 	 29.0 	 -0.0 	 -0.0 	 26.9 	 0.0 	 0.0 	 0.0 
15.479 	 22.9 	 -0.0 	 -0.0 	 16.8 	 0.0 	 0.0 	 0.0 
15.480 	 13.5 	 -0.0 	 -0.0 	 21.4 	 0.0 	 0.0 	 0.0 
15.480 	 5.7 	 -0.0 	 -0.0 	 2.5 	 0.0 	 0.0 	 0.0 
15.480 	 1.0 	 -0.0 	 -0.0 	 -12.9 	 0.0 	 0.0 	 0.0 
15.481 	 355.6 	 -0.0 	 -0.0 	 -9.5 	 0.0 	 0.0 	 0.0 
15.481 	 351.3 	 -0.0 	 -0.0 	 -7.1 	 0.0 	 0.0 	 0.0 
15.481 	 339.4 	 -0.0 	 -0.0 	 -10.0 	 0.0 	 0.0 	 0.0 
15.481 	 334.5 	 -0.0 	 -0.0 	 -9.8 	 0.0 	 0.0 	 0.0 
15.482 	 311.2 	 -0.0 	 -0.0 	 -10.8 	 0.0 	 0.0 	 0.0 
15.482 	 302.8 	 -0.0 	 -0.0 	 -4.8 	 0.0 	 0.0 	 0.0 
15.699 	 281.3 	 -0.0 	 -0.0 	 -9.8 	 0.0 	 0.0 	 0.0 
15.700 	 274.0 	 -0.0 	 -0.0 	 -16.5 	 0.0 	 0.0 	 0.0 
15.700 	 251.6 	 -0.0 	 -0.0 	 -35.7 	 0.0 	 0.0 	 0.0 
15.701 	 245.1 	 -0.0 	 -0.0 	 -36.4 	 0.0 	 0.0 	 0.0 
15.701 	 234.5 	 -0.0 	 -0.0 	 -25.0 	 0.0 	 0.0 	 0.0 
15.701 	 227.3 	 -0.0 	 -0.0 	 -10.4 	 0.0 	 0.0 	 0.0 
15.702 	 218.7 	 -0.0 	 -0.0 	 -6.8 	 0.0 	 0.0 	 0.0 
15.702 	 215.9 	 -0.0 	 -0.0 	 -10.8 	 0.0 	 0.0 	 0.0 
15.702 	 208.1 	 -0.0 	 -0.0 	 -17.1 	 0.0 	 0.0 	 0.0 
15.703 	 184.8 	 -0.0 	 -0.0 	 2.1 	 0.0 	 0.0 	 0.0 
15.908 	 176.8 	 -0.0 	 -0.0 	 6.0 	 0.0 	 0.0 	 0.0 
15.909 	 174.6 	 -0.0 	 -0.0 	 -1.7 	 0.0 	 0.0 	 0.0 
15.909 	 173.2 	 -0.0 	 -0.0 	 5.9 	 0.0 	 0.0 	 0.0 
15.909 	 170.3 	 -0.0 	 -0.0 	 13.6 	 0.0 	 0.0 	 0.0 
15.909 	 165.1 	 -0.0 	 -0.0 	 7.6 	 0.0 	 0.0 	 0.0 
15.910 	 150.3 	 -0.0 	 -0.0 	 27.4 	 0.0 	 0.0 	 0.0 
15.910 	 137.9 	 -0.0 	 -0.0 	 22.2 	 0.0 	 0.0 	 0.0 
15.910 	 134.0 	 -0.0 	 -0.0 	 18.7 	 0.0 	 0.0 	 0.0 
15.911 	 124.9 	 -0.0 	 -0.0 	 10.1 	 0.0 	 0.0 	 0.0 
16.140 	 95.4 	 -0.0 	 -0.0 	 -19.5 	 0.0 	 0.0 	 0.0 
16.140 	 76.8 	 -0.0 	 -0.0 	 -30.4 	 0.0 	 0.0 	 0.0 
16.141 	 71.6 	 -0.0 	 -0.0 	 -32.8 	 0.0 	 0.0 	 0.0 
16.141 	 62.1 	 -0.0 	 -0.0 	 -36.9 	 0.0 	 0.0 	 0.0 
16.141 	 53.0 	 -0.0 	 -0.0 	 -47.6 	 0.0 	 0.0 	 0.0 
16.141 	 40.9 	 -0.0 	 -0.0 	 -58.5 	 0.0 	 0.0 	 0.0 
16.142 	 33.0 	 -0.0 	 -0.0 	 -41.0 	 0.0 	 0.0 	 0.0 
16.142 	 32.1 	 -0.0 	 -0.0 	 -53.8 	 0.0 	 0.0 	 0.0 
16.142 	 28.9 	 -0.0 	 -0.0 	 -35.0 	 0.0 	 0.0 	 0.0 
16.143 	 25.2 	 -0.0 	 -0.0 	 -6.5 	 0.0 	 0.0 	 0.0 
16.334 	 15.8 	 -0.0 	 -0.0 	 -0.2 	 0.0 	 0.0 	 0.0 
16.334 	 5.2 	 -0.0 	 -0.0 	 26.6 	 0.0 	 0.0 	 0.0 
16.335 	 349.0 	 -0.0 	 -0.0 	 3.8 	 0.0 	 0.0 	 0.0 
16.335 	 340.6 	 -0.0 	 -0.0 	 -0.1 	 0.0 	 0.0 	 0.0 
16.335 	 337.5 	 -0.0 	 -0.0 	 1.6 	 0.0 	 0.0 	 0.0 
16.336 	 336.5 	 -0.0 	 -0.0 	 17.1 	 0.0 	 0.0 	 0.0 
16.336 	 336.9 	 -0.0 	 -0.0 	 -25.4 	 0.0 	 0.0 	 0.0 
16.336 	 329.6 	 -0.0 	 -0.0 	 -7.1 	 0.0 	 0.0 	 0.0 
16.336 	 325.6 	 -0.0 	 -0.0 	 -6.2 	 0.0 	 0.0 	 0.0 
16.337 	 312.9 	 -0.0 	 -0.0 	 -16.5 	 0.0 	 0.0 	 0.0 
16.566 	 302.3 	 -0.0 	 -0.0 	 -0.1 	 0.0 	 0.0 	 0.0 
16.566 	 299.2 	 -0.0 	 -0.0 	 2.2 	 0.0 	 0.0 	 0.0 
16.566 	 291.4 	 -0.0 	 -0.0 	 0.9 	 0.0 	 0.0 	 0.0 
16.567 	 281.0 	 -0.0 	 -0.0 	 -4.4 	 0.0 	 0.0 	 0.0 
16.567 	 274.5 	 -0.0 	 -0.0 	 -14.2 	 0.0 	 0.0 	 0.0 
16.567 	 261.7 	 -0.0 	 -0.0 	 -13.9 	 0.0 	 0.0 	 0.0 
16.567 	 242.3 	 -0.0 	 -0.0 	 -21.0 	 0.0 	 0.0 	 0.0 
16.568 	 231.4 	 -0.0 	 -0.0 	 -24.2 	 0.0 	 0.0 	 0.0 
16.568 	 219.7 	 -0.0 	 -0.0 	 -18.9 	 0.0 	 0.0 	 0.0 
16.569 	 210.0 	 -0.0 	 -0.0 	 -17.3 	 0.0 	 0.0 	 0.0 
16.775 	 201.6 	 -0.0 	 -0.0 	 3.8 	 0.0 	 0.0 	 0.0 
16.775 	 194.6 	 -0.0 	 -0.0 	 18.5 	 0.0 	 0.0 	 0.0 
16.776 	 183.7 	 -0.0 	 -0.0 	 21.2 	 0.0 	 0.0 	 0.0 
16.776 	 180.7 	 -0.0 	 -0.0 	 15.8 	 0.0 	 0.0 	 0.0 
16.776 	 174.3 	 -0.0 	 -0.0 	 3.1 	 0.0 	 0.0 	 0.0 
16.777 	 167.0 	 -0.0 	 -0.0 	 -6.8 	 0.0 	 0.0 	 0.0 
16.777 	 148.7 	 -0.0 	 -0.0 	 23.1 	 0.0 	 0.0 	 0.0 
16.777 	 142.4 	 -0.0 	 -0.0 	 14.7 	 0.0 	 0.0 	 0.0 
16.778 	 133.6 	 -0.0 	 -0.0 	 -7.4 	 0.0 	 0.0 	 0.0 
16.778 	 130.1 	 -0.0 	 -0.0 	 -8.8 	 0.0 	 0.0 	 0.0 
16.995 	 114.9 	 -0.0 	 -0.1 	 -4.0 	 0.0 	 0.0 	 0.0 
16.995 	 107.6 	 -0.0 	 -0.1 	 -8.9 	 0.0 	 0.0 	 0.0 
16.996 	 106.3 	 -0.0 	 -0.1 	 -8.4 	 0.0 	 0.0 	 0.0 
16.996 	 104.6 	 -0.0 	 -0.1 	 -5.7 	 0.0 	 0.0 	 0.0 
16.996 	 103.5 	 -0.0 	 -0.1 	 -4.6 	 0.0 	 0.0 	 0.0 
16.996 	 101.8 	 -0.0 	 -0.1 	 -6.8 	 0.0 	 0.0 	 0.0 
16.997 	 101.4 	 -0.0 	 -0.1 	 -6.0 	 0.0 	 0.0 	 0.0 
16.997 	 101.0 	 -0.0 	 -0.1 	 -6.0 	 0.0 	 0.0 	 0.0 
16.997 	 100.8 	 -0.0 	 -0.1 	 -6.2 	 0.0 	 0.0 	 0.0 
16.997 	 100.5 	 -0.0 	 -0.1 	 -4.9 	 0.0 	 0.0 	 0.0 
17.231 	 100.3 	 -0.0 	 -0.1 	 -2.2 	 0.0 	 0.0 	 0.0 
17.231 	 100.2 	 -0.0 	 -0.1 	 -0.2 	 0.0 	 0.0 	 0.0 
17.231 	 100.3 	 -0.0 	 -0.1 	 0.2 	 0.0 	 0.0 	 0.0 
17.231 	 100.7 	 -0.0 	 -0.1 	 0.7 	 0.0 	 0.0 	 0.0 
17.232 	 101.4 	 -0.0 	 -0.1 	 0.2 	 0.0 	 0.0 	 0.0 
17.232 	 101.8 	 -0.0 	 -0.1 	 -0.5 	 0.0 	 0.0 	 0.0 
17.232 	 101.7 	 -0.0 	 -0.1 	 0.1 	 0.0 	 0.0 	 0.0 
17.233 	 101.5 	 -0.0 	 -0.1 	 0.0 	 0.0 	 0.0 	 0.0 
17.233 	 101.4 	 -0.0 	 -0.1 	 -2.6 	 0.0 	 0.0 	 0.0 
17.439 	 100.8 	 -0.0 	 -0.1 	 -0.8 	 0.0 	 0.0 	 0.0 
17.439 	 100.4 	 -0.0 	 -0.1 	 -0.6 	 0.0 	 0.0 	 0.0 
17.440 	 97.7 	 -0.0 	 -0.1 	 -1.6 	 0.0 	 0.0 	 0.0 
17.440 	 96.4 	 -0.0 	 -0.1 	 -1.0 	 0.0 	 0.0 	 0.0 
17.440 	 95.8 	 -0.0 	 -0.1 	 0.3 	 0.0 	 0.0 	 0.0 
17.441 	 95.7 	 -0.0 	 -0.1 	 0.5 	 0.0 	 0.0 	 0.0 
17.441 	 96.1 	 -0.0 	 -0.1 	 0.9 	 0.0 	 0.0 	 0.0 
17.441 	 96.3 	 -0.0 	 -0.1 	 0.7 	 0.0 	 0.0 	 0.0 
17.442 	 96.6 	 -0.0 	 -0.1 	 0.6 	 0.0 	 0.0 	 0.0 
17.656 	 97.1 	 -0.0 	 -0.1 	 -0.1 	 0.0 	 0.0 	 0.0 
17.656 	 97.2 	 -0.0 	 -0.1 	 -0.5 	 0.0 	 0.0 	 0.0 
17.656 	 97.2 	 -0.0 	 -0.1 	 -0.5 	 0.0 	 0.0 	 0.0 
17.657 	 97.2 	 -0.0 	 -0.1 	 -0.5 	 0.0 	 0.0 	 0.0 
17.657 	 97.2 	 -0.0 	 -0.1 	 -0.3 	 0.0 	 0.0 	 0.0 
17.657 	 97.2 	 -0.0 	 -0.1 	 -0.3 	 0.0 	 0.0 	 0.0 
17.658 	 97.2 	 -0.0 	 -0.1 	 -0.4 	 0.0 	 0.0 	 0.0 
17.658 	 97.2 	 -0.0 	 -0.1 	 -0.2 	 0.0 	 0.0 	 0.0 
17.658 	 97.4 	 -0.0 	 -0.1 	 0.1 	 0.0 	 0.0 	 0.0 
17.659 	 97.6 	 -0.0 	 -0.1 	 0.1 	 0.0 	 0.0 	 0.0 
17.880 	 98.1 	 -0.0 	 -0.1 	 -0.8 	 0.0 	 0.0 	 0.0 
17.880 	 98.4 	 -0.0 	 -0.1 	 -1.6 	 0.0 	 0.0 	 0.0 
17.880 	 98.4 	 -0.0 	 -0.1 	 -1.5 	 0.0 	 0.0 	 0.0 
17.881 	 98.4 	 -0.0 	 -0.1 	 -1.3 	 0.0 	 0.0 	 0.0 
17.881 	 98.3 	 -0.0 	 -0.1 	 -0.5 	 0.0 	 0.0 	 0.0 
17.881 	 98.3 	 -0.0 	 -0.1 	 -0.4 	 0.0 	 0.0 	 0.0 
17.882 	 98.4 	 -0.0 	 -0.1 	 -0.2 	 0.0 	 0.0 	 0.0 
17.882 	 98.4 	 -0.0 	 -0.1 	 -0.3 	 0.0 	 0.0 	 0.0 
17.882 	 98.2 	 -0.0 	 -0.1 	 -0.4 	 0.0 	 0.0 	 0.0 
17.883 	 98.2 	 -0.0 	 -0.1 	 -0.4 	 0.0 	 0.0 	 0.0 
18.100 	 97.7 	 -0.0 	 -0.1 	 -0.9 	 0.0 	 0.0 	 0.0 
18.101 	 97.7 	 -0.0 	 -0.1 	 -0.6 	 0.0 	 0.0 	 0.0 
18.101 	 97.7 	 -0.0 	 -0.1 	 -0.4 	 0.0 	 0.0 	 0.0 
18.101 	 97.8 	 -0.0 	 -0.1 	 -0.4 	 0.0 	 0.0 	 0.0 
18.102 	 97.8 	 -0.0 	 -0.1 	 -0.4 	 0.0 	 0.0 	 0.0 
18.102 	 98.0 	 -0.0 	 -0.1 	 -0.4 	 0.0 	 0.0 	 0.0 
18.103 	 98.2 	 -0.0 	 -0.1 	 0.0 	 0.0 	 0.0 	 0.0 
18.103 	 98.4 	 -0.0 	 -0.1 	 -0.0 	 0.0 	 0.0 	 0.0 
18.103 	 98.4 	 -0.0 	 -0.1 	 -0.0 	 0.0 	 0.0 	 0.0 
18.104 	 98.3 	 -0.0 	 -0.1 	 -0.2 	 0.0 	 0.0 	 0.0 
18.306 	 98.3 	 -0.0 	 -0.1 	 -0.3 	 0.0 	 0.0 	 0.0 
18.306 	 98.3 	 -0.0 	 -0.1 	 -0.0 	 0.0 	 0.0 	 0.0 
18.306 	 98.3 	 -0.0 	 -0.1 	 0.2 	 0.0 	 0.0 	 0.0 
18.306 	 98.6 	 -0.0 	 -0.1 	 0.1 	 0.0 	 0.0 	 0.0 
18.307 	 98.6 	 -0.0 	 -0.1 	 0.0 	 0.0 	 0.0 	 0.0 
18.307 	 98.7 	 -0.0 	 -0.1 	 -0.1 	 0.0 	 0.0 	 0.0 
18.308 	 98.8 	 -0.0 	 -0.1 	 0.1 	 0.0 	 0.0 	 0.0 
18.308 	 99.1 	 -0.0 	 -0.1 	 -0.0 	 0.0 	 0.0 	 0.0 
18.308 	 99.2 	 -0.0 	 -0.1 	 0.1 	 0.0 	 0.0 	 0.0 
18.309 	 99.4 	 -0.0 	 -0.1 	 0.2 	 0.0 	 0.0 	 0.0 
18.545 	 99.8 	 -0.0 	 -0.1 	 0.3 	 0.0 	 0.0 	 0.0 
18.545 	 100.1 	 -0.0 	 -0.1 	 0.1 	 0.0 	 0.0 	 0.0 
18.545 	 100.5 	 -0.0 	 -0.1 	 0.2 	 0.0 	 0.0 	 0.0 
18.546 	 100.6 	 -0.0 	 -0.1 	 -0.1 	 0.0 	 0.0 	 0.0 
18.546 	 100.7 	 -0.0 	 -0.1 	 -0.3 	 0.0 	 0.0 	 0.0 
18.546 	 100.7 	 -0.0 	 -0.1 	 0.0 	 0.0 	 0.0 	 0.0 
18.546 	 100.7 	 -0.0 	 -0.1 	 0.2 	 0.0 	 0.0 	 0.0 
18.547 	 100.7 	 -0.0 	 -0.1 	 0.2 	 0.0 	 0.0 	 0.0 
18.547 	 100.7 	 -0.0 	 -0.1 	 0.1 	 0.0 	 0.0 	 0.0 
18.761 	 100.8 	 -0.0 	 -0.1 	 0.3 	 0.0 	 0.0 	 0.0 
18.762 	 100.9 	 -0.0 	 -0.1 	 0.2 	 0.0 	 0.0 	 0.0 
18.762 	 100.9 	 -0.0 	 -0.1 	 0.2 	 0.0 	 0.0 	 0.0 
18.762 	 101.0 	 -0.0 	 -0.1 	 0.0 	 0.0 	 0.0 	 0.0 
18.763 	 101.1 	 -0.0 	 -0.1 	 -0.2 	 0.0 	 0.0 	 0.0 
18.763 	 101.1 	 -0.0 	 -0.1 	 -0.3 	 0.0 	 0.0 	 0.0 
18.763 	 101.1 	 -0.0 	 -0.1 	 0.0 	 0.0 	 0.0 	 0.0 
18.764 	 101.2 	 -0.0 	 -0.1 	 0.4 	 0.0 	 0.0 	 0.0 
18.764 	 101.3 	 -0.0 	 -0.1 	 0.2 	 0.0 	 0.0 	 0.0 
18.764 	 101.3 	 -0.0 	 -0.1 	 0.0 	 0.0 	 0.0 	 0.0 
18.970 	 101.3 	 -0.0 	 -0.1 	 0.3 	 0.0 	 0.0 	 0.0 
18.971 	 101.4 	 -0.0 	 -0.1 	 0.2 	 0.0 	 0.0 	 0.0 
18.971 	 101.4 	 -0.0 	 -0.1 	 -0.1 	 0.0 	 0.0 	 0.0 
18.971 	 101.4 	 -0.0 	 -0.1 	 -0.2 	 0.0 	 0.0 	 0.0 
18.971 	 101.5 	 -0.0 	 -0.1 	 0.1 	 0.0 	 0.0 	 0.0 
18.972 	 101.6 	 -0.0 	 -0.1 	 0.2 	 0.0 	 0.0 	 0.0 
18.972 	 101.7 	 -0.0 	 -0.1 	 0.3 	 0.0 	 0.0 	 0.0 
18.972 	 101.8 	 -0.0 	 -0.1 	 0.2 	 0.0 	 0.0 	 0.0 
18.972 	 102.0 	 -0.0 	 -0.1 	 0.3 	 0.0 	 0.0 	 0.0 
18.973 	 102.0 	 -0.0 	 -0.1 	 0.2 	 0.0 	 0.0 	 0.0 
19.202 	 102.4 	 -0.0 	 -0.1 	 -0.1 	 0.0 	 0.0 	 0.0 
19.202 	 102.4 	 -0.0 	 -0.1 	 -0.1 	 0.0 	 0.0 	 0.0 
19.202 	 102.5 	 -0.0 	 -0.1 	 -0.1 	 0.0 	 0.0 	 0.0 
19.203 	 102.5 	 -0.0 	 -0.1 	 0.0 	 0.0 	 0.0 	 0.0 
19.203 	 102.5 	 -0.0 	 -0.1 	 0.2 	 0.0 	 0.0 	 0.0 
19.203 	 102.5 	 -0.0 	 -0.1 	 0.4 	 0.0 	 0.0 	 0.0 
19.203 	 102.6 	 -0.0 	 -0.1 	 0.2 	 0.0 	 0.0 	 0.0 
19.204 	 102.6 	 -0.0 	 -0.1 	 0.2 	 0.0 	 0.0 	 0.0 
19.204 	 102.7 	 -0.0 	 -0.1 	 0.2 	 0.0 	 0.0 	 0.0 
19.411 	 102.8 	 -0.0 	 -0.1 	 0.1 	 0.0 	 0.0 	 0.0 
19.411 	 103.0 	 -0.0 	 -0.1 	 0.1 	 0.0 	 0.0 	 0.0 
19.411 	 103.1 	 -0.0 	 -0.1 	 0.2 	 0.0 	 0.0 	 0.0 
19.412 	 103.2 	 -0.0 	 -0.1 	 0.4 	 0.0 	 0.0 	 0.0 
19.412 	 103.3 	 -0.0 	 -0.1 	 0.1 	 0.0 	 0.0 	 0.0 
19.412 	 103.3 	 -0.0 	 -0.1 	 0.1 	 0.0 	 0.0 	 0.0 
19.412 	 103.4 	 -0.0 	 -0.1 	 0.0 	 0.0 	 0.0 	 0.0 
19.413 	 103.4 	 -0.0 	 -0.1 	 -0.1 	 0.0 	 0.0 	 0.0 
19.413 	 103.5 	 -0.0 	 -0.1 	 -0.0 	 0.0 	 0.0 	 0.0 
19.413 	 103.5 	 -0.0 	 -0.1 	 0.1 	 0.0 	 0.0 	 0.0 
19.631 	 103.5 	 -0.0 	 -0.1 	 0.0 	 0.0 	 0.0 	 0.0 
19.632 	 103.6 	 -0.0 	 -0.1 	 0.0 	 0.0 	 0.0 	 0.0 
19.632 	 103.6 	 -0.0 	 -0.1 	 0.1 	 0.0 	 0.0 	 0.0 
19.632 	 103.6 	 -0.0 	 -0.1 	 0.1 	 0.0 	 0.0 	 0.0 
19.633 	 103.6 	 -0.0 	 -0.1 	 0.1 	 0.0 	 0.0 	 0.0 
19.633 	 103.6 	 -0.0 	 -0.1 	 0.1 	 0.0 	 0.0 	 0.0 
19.634 	 103.6 	 -0.0 	 -0.1 	 0.2 	 0.0 	 0.0 	 0.0 
19.634 	 103.7 	 -0.0 	 -0.1 	 0.3 	 0.0 	 0.0 	 0.0 
19.634 	 103.7 	 -0.0 	 -0.1 	 0.2 	 0.0 	 0.0 	 0.0 
19.634 	 103.7 	 -0.0 	 -0.1 	 0.1 	 0.0 	 0.0 	 0.0 
19.855 	 103.7 	 -0.0 	 -0.1 	 0.2 	 0.0 	 0.0 	 0.0 
19.856 	 103.7 	 -0.0 	 -0.1 	 0.2 	 0.0 	 0.0 	 0.0 
19.856 	 103.7 	 -0.0 	 -0.1 	 0.1 	 0.0 	 0.0 	 0.0 
19.856 	 103.7 	 -0.0 	 -0.1 	 0.2 	 0.0 	 0.0 	 0.0 
19.856 	 103.8 	 -0.0 	 -0.1 	 0.3 	 0.0 	 0.0 	 0.0 
19.857 	 103.8 	 -0.0 	 -0.1 	 0.1 	 0.0 	 0.0 	 0.0 
19.857 	 103.8 	 -0.0 	 -0.1 	 0.2 	 0.0 	 0.0 	 0.0 
19.857 	 103.8 	 -0.0 	 -0.1 	 0.2 	 0.0 	 0.0 	 0.0 
19.858 	 103.9 	 -0.0 	 -0.1 	 0.2 	 0.0 	 0.0 	 0.0 
19.858 	 104.0 	 -0.0 	 -0.1 	 0.2 	 0.0 	 0.0 	 0.0 
