time 	 pedal_angle(deg) 	 bike speed(km/h) 	 distance(m) 	 cadence(rpm) 	 HR (BPM) 
0.002 	 359.8 	 -0.0 	 -0.0 	 0.2 	 73 
0.003 	 359.8 	 -0.0 	 -0.0 	 0.2 	 73 
0.009 	 359.8 	 -0.0 	 -0.0 	 0.2 	 73 
0.010 	 359.8 	 -0.0 	 -0.0 	 0.2 	 73 
0.012 	 359.8 	 -0.0 	 -0.0 	 0.2 	 73 
0.015 	 359.8 	 -0.0 	 -0.0 	 0.2 	 73 
0.017 	 359.8 	 -0.0 	 -0.0 	 0.2 	 73 
0.020 	 359.8 	 -0.0 	 -0.0 	 0.2 	 73 
0.023 	 359.8 	 -0.0 	 -0.0 	 0.2 	 73 
0.025 	 359.8 	 -0.0 	 -0.0 	 0.2 	 73 
0.026 	 359.8 	 -0.0 	 -0.0 	 0.2 	 73 
0.028 	 359.8 	 -0.0 	 -0.0 	 0.2 	 73 
0.031 	 359.8 	 -0.0 	 -0.0 	 0.2 	 73 
0.038 	 359.8 	 -0.0 	 -0.0 	 0.2 	 73 
0.039 	 359.8 	 -0.0 	 -0.0 	 0.2 	 73 
0.042 	 359.8 	 -0.0 	 -0.0 	 0.2 	 73 
0.046 	 359.8 	 -0.0 	 -0.0 	 0.2 	 73 
0.048 	 359.8 	 -0.0 	 -0.0 	 0.2 	 73 
0.050 	 359.8 	 -0.0 	 -0.0 	 0.2 	 73 
0.060 	 359.8 	 -0.0 	 -0.0 	 0.2 	 73 
0.062 	 359.8 	 -0.0 	 -0.0 	 0.2 	 73 
0.065 	 359.8 	 -0.0 	 -0.0 	 0.2 	 73 
0.067 	 359.8 	 -0.0 	 -0.0 	 0.2 	 73 
0.069 	 359.8 	 -0.0 	 -0.0 	 0.2 	 73 
0.091 	 359.8 	 -0.0 	 -0.0 	 0.1 	 73 
0.100 	 359.8 	 -0.0 	 -0.0 	 0.1 	 73 
0.102 	 359.8 	 -0.0 	 -0.0 	 0.1 	 73 
0.103 	 359.8 	 -0.0 	 -0.0 	 0.1 	 73 
0.111 	 359.8 	 -0.0 	 -0.0 	 0.1 	 73 
0.115 	 359.8 	 -0.0 	 -0.0 	 0.1 	 73 
0.116 	 359.8 	 -0.0 	 -0.0 	 0.2 	 73 
0.117 	 359.8 	 -0.0 	 -0.0 	 0.2 	 73 
0.128 	 359.8 	 -0.0 	 -0.0 	 0.2 	 73 
0.130 	 359.8 	 -0.0 	 -0.0 	 0.2 	 73 
0.131 	 359.8 	 -0.0 	 -0.0 	 0.2 	 73 
0.148 	 359.8 	 -0.0 	 -0.0 	 0.2 	 73 
0.149 	 359.8 	 -0.0 	 -0.0 	 0.1 	 73 
0.151 	 359.8 	 -0.0 	 -0.0 	 0.1 	 73 
0.152 	 359.8 	 -0.0 	 -0.0 	 0.1 	 73 
0.154 	 359.8 	 -0.0 	 -0.0 	 0.1 	 73 
0.172 	 359.8 	 -0.0 	 -0.0 	 0.1 	 73 
0.173 	 359.8 	 -0.0 	 -0.0 	 0.1 	 73 
0.176 	 359.8 	 -0.0 	 -0.0 	 0.1 	 73 
0.184 	 359.8 	 -0.0 	 -0.0 	 0.1 	 73 
0.198 	 359.8 	 -0.0 	 -0.0 	 0.2 	 73 
0.204 	 359.8 	 -0.0 	 -0.0 	 0.2 	 73 
0.208 	 359.8 	 -0.0 	 -0.0 	 0.2 	 73 
0.221 	 359.8 	 -0.0 	 -0.0 	 0.3 	 73 
0.224 	 359.8 	 -0.0 	 -0.0 	 0.3 	 73 
0.246 	 359.8 	 -0.0 	 -0.0 	 0.3 	 73 
0.247 	 359.8 	 -0.0 	 -0.0 	 0.2 	 73 
0.249 	 359.8 	 -0.0 	 -0.0 	 0.2 	 73 
0.250 	 359.8 	 -0.0 	 -0.0 	 0.2 	 73 
0.252 	 359.8 	 -0.0 	 -0.0 	 0.2 	 73 
0.254 	 359.8 	 -0.0 	 -0.0 	 0.2 	 73 
0.256 	 359.8 	 -0.0 	 -0.0 	 0.2 	 73 
0.257 	 359.8 	 -0.0 	 -0.0 	 0.2 	 73 
0.259 	 359.8 	 -0.0 	 -0.0 	 0.2 	 73 
0.282 	 359.8 	 -0.0 	 -0.0 	 0.2 	 73 
0.283 	 359.8 	 -0.0 	 -0.0 	 0.2 	 73 
0.285 	 359.8 	 -0.0 	 -0.0 	 0.2 	 73 
0.286 	 359.8 	 -0.0 	 -0.0 	 0.2 	 73 
0.288 	 359.8 	 -0.0 	 -0.0 	 0.2 	 73 
0.289 	 359.8 	 -0.0 	 -0.0 	 0.2 	 73 
0.291 	 359.8 	 -0.0 	 -0.0 	 0.2 	 73 
0.292 	 359.8 	 -0.0 	 -0.0 	 0.2 	 73 
0.294 	 359.8 	 -0.0 	 -0.0 	 0.2 	 73 
0.295 	 359.8 	 -0.0 	 -0.0 	 0.2 	 73 
0.304 	 359.8 	 -0.0 	 -0.0 	 0.2 	 73 
0.320 	 359.8 	 -0.0 	 -0.0 	 0.2 	 73 
0.323 	 359.8 	 -0.0 	 -0.0 	 0.2 	 73 
0.325 	 359.8 	 -0.0 	 -0.0 	 0.1 	 73 
0.326 	 359.8 	 -0.0 	 -0.0 	 0.1 	 73 
0.328 	 359.8 	 -0.0 	 -0.0 	 0.1 	 73 
0.329 	 359.8 	 -0.0 	 -0.0 	 0.1 	 73 
0.331 	 359.8 	 -0.0 	 -0.0 	 0.1 	 73 
0.332 	 359.8 	 -0.0 	 -0.0 	 0.1 	 73 
0.334 	 359.8 	 -0.0 	 -0.0 	 0.1 	 73 
0.335 	 359.8 	 -0.0 	 -0.0 	 0.1 	 73 
0.337 	 359.8 	 -0.0 	 -0.0 	 0.1 	 73 
0.338 	 359.8 	 -0.0 	 -0.0 	 0.1 	 73 
0.339 	 359.8 	 -0.0 	 -0.0 	 0.1 	 73 
0.341 	 359.8 	 -0.0 	 -0.0 	 0.1 	 73 
0.342 	 359.8 	 -0.0 	 -0.0 	 0.1 	 73 
0.344 	 359.8 	 -0.0 	 -0.0 	 0.1 	 73 
0.345 	 359.8 	 -0.0 	 -0.0 	 0.1 	 73 
0.347 	 359.8 	 -0.0 	 -0.0 	 0.1 	 73 
0.352 	 359.8 	 -0.0 	 -0.0 	 0.1 	 73 
0.354 	 359.8 	 -0.0 	 -0.0 	 0.2 	 73 
0.355 	 359.8 	 -0.0 	 -0.0 	 0.2 	 73 
0.357 	 359.8 	 -0.0 	 -0.0 	 0.2 	 73 
0.362 	 359.8 	 -0.0 	 -0.0 	 0.2 	 73 
0.363 	 359.8 	 -0.0 	 -0.0 	 0.2 	 73 
0.365 	 359.8 	 -0.0 	 -0.0 	 0.2 	 73 
0.366 	 359.8 	 -0.0 	 -0.0 	 0.2 	 73 
0.367 	 359.8 	 -0.0 	 -0.0 	 0.2 	 73 
0.369 	 359.8 	 -0.0 	 -0.0 	 0.2 	 73 
0.370 	 359.8 	 -0.0 	 -0.0 	 0.2 	 73 
0.372 	 359.8 	 -0.0 	 -0.0 	 0.2 	 73 
0.373 	 359.8 	 -0.0 	 -0.0 	 0.2 	 73 
0.375 	 359.8 	 -0.0 	 -0.0 	 0.2 	 73 
0.385 	 359.8 	 -0.0 	 -0.0 	 0.1 	 73 
0.387 	 359.8 	 -0.0 	 -0.0 	 0.1 	 73 
0.388 	 359.8 	 -0.0 	 -0.0 	 0.1 	 73 
0.390 	 359.8 	 -0.0 	 -0.0 	 0.1 	 73 
0.391 	 359.8 	 -0.0 	 -0.0 	 0.1 	 73 
0.395 	 359.8 	 -0.0 	 -0.0 	 0.1 	 73 
0.396 	 359.8 	 -0.0 	 -0.0 	 0.1 	 73 
0.398 	 359.8 	 -0.0 	 -0.0 	 0.1 	 73 
0.399 	 359.8 	 -0.0 	 -0.0 	 0.1 	 73 
0.400 	 359.8 	 -0.0 	 -0.0 	 0.2 	 73 
0.402 	 359.8 	 -0.0 	 -0.0 	 0.2 	 73 
0.403 	 359.8 	 -0.0 	 -0.0 	 0.2 	 73 
0.411 	 359.8 	 -0.0 	 -0.0 	 0.2 	 73 
0.429 	 359.8 	 -0.0 	 -0.0 	 0.2 	 73 
0.430 	 359.8 	 -0.0 	 -0.0 	 0.2 	 73 
0.432 	 359.8 	 -0.0 	 -0.0 	 0.2 	 73 
0.433 	 359.8 	 -0.0 	 -0.0 	 0.2 	 73 
0.435 	 359.8 	 -0.0 	 -0.0 	 0.2 	 73 
0.436 	 359.8 	 -0.0 	 -0.0 	 0.2 	 73 
0.440 	 359.8 	 -0.0 	 -0.0 	 0.2 	 73 
0.442 	 359.8 	 -0.0 	 -0.0 	 0.2 	 73 
0.443 	 359.8 	 -0.0 	 -0.0 	 0.2 	 73 
0.448 	 359.8 	 -0.0 	 -0.0 	 0.2 	 73 
0.450 	 359.8 	 -0.0 	 -0.0 	 0.2 	 73 
0.451 	 359.8 	 -0.0 	 -0.0 	 0.2 	 73 
0.453 	 359.8 	 -0.0 	 -0.0 	 0.2 	 73 
0.456 	 359.8 	 -0.0 	 -0.0 	 0.2 	 73 
0.458 	 359.8 	 -0.0 	 -0.0 	 0.2 	 73 
0.459 	 359.8 	 -0.0 	 -0.0 	 0.2 	 73 
0.461 	 359.8 	 -0.0 	 -0.0 	 0.2 	 73 
0.463 	 359.8 	 -0.0 	 -0.0 	 0.2 	 73 
0.472 	 359.8 	 -0.0 	 -0.0 	 0.2 	 73 
0.474 	 359.8 	 -0.0 	 -0.0 	 0.2 	 73 
0.475 	 359.8 	 -0.0 	 -0.0 	 0.2 	 73 
0.477 	 359.8 	 -0.0 	 -0.0 	 0.2 	 73 
0.501 	 359.8 	 -0.0 	 -0.0 	 0.2 	 73 
0.503 	 359.8 	 -0.0 	 -0.0 	 0.2 	 73 
0.504 	 359.8 	 -0.0 	 -0.0 	 0.2 	 73 
0.506 	 359.8 	 -0.0 	 -0.0 	 0.2 	 73 
0.518 	 359.8 	 -0.0 	 -0.0 	 0.2 	 73 
0.523 	 359.8 	 -0.0 	 -0.0 	 0.2 	 73 
0.529 	 359.8 	 -0.0 	 -0.0 	 0.2 	 73 
0.539 	 359.8 	 -0.0 	 -0.0 	 0.2 	 73 
0.541 	 359.8 	 -0.0 	 -0.0 	 0.2 	 73 
0.542 	 359.8 	 -0.0 	 -0.0 	 0.2 	 73 
0.544 	 359.8 	 -0.0 	 -0.0 	 0.2 	 73 
0.545 	 359.8 	 -0.0 	 -0.0 	 0.2 	 73 
0.547 	 359.8 	 -0.0 	 -0.0 	 0.2 	 73 
0.548 	 359.8 	 -0.0 	 -0.0 	 0.2 	 73 
0.550 	 359.8 	 -0.0 	 -0.0 	 0.2 	 73 
0.551 	 359.8 	 -0.0 	 -0.0 	 0.2 	 73 
0.552 	 359.8 	 -0.0 	 -0.0 	 0.2 	 73 
0.554 	 359.8 	 -0.0 	 -0.0 	 0.2 	 73 
0.555 	 359.8 	 -0.0 	 -0.0 	 0.2 	 73 
0.558 	 359.8 	 -0.0 	 -0.0 	 0.2 	 73 
0.560 	 359.8 	 -0.0 	 -0.0 	 0.2 	 73 
0.562 	 359.8 	 -0.0 	 -0.0 	 0.2 	 73 
0.563 	 359.8 	 -0.0 	 -0.0 	 0.2 	 73 
0.564 	 359.8 	 -0.0 	 -0.0 	 0.2 	 73 
0.566 	 359.8 	 -0.0 	 -0.0 	 0.2 	 73 
0.567 	 359.8 	 -0.0 	 -0.0 	 0.2 	 73 
0.569 	 359.8 	 -0.0 	 -0.0 	 0.2 	 73 
0.574 	 359.8 	 -0.0 	 -0.0 	 0.2 	 73 
0.576 	 359.8 	 -0.0 	 -0.0 	 0.2 	 73 
0.577 	 359.8 	 -0.0 	 -0.0 	 0.2 	 73 
0.579 	 359.8 	 -0.0 	 -0.0 	 0.2 	 73 
0.580 	 359.8 	 -0.0 	 -0.0 	 0.2 	 73 
0.581 	 359.8 	 -0.0 	 -0.0 	 0.2 	 73 
0.583 	 359.8 	 -0.0 	 -0.0 	 0.2 	 73 
0.585 	 359.8 	 -0.0 	 -0.0 	 0.2 	 73 
0.587 	 359.8 	 -0.0 	 -0.0 	 0.2 	 73 
0.588 	 359.8 	 -0.0 	 -0.0 	 0.2 	 73 
0.590 	 359.8 	 -0.0 	 -0.0 	 0.2 	 73 
0.591 	 359.8 	 -0.0 	 -0.0 	 0.2 	 73 
0.594 	 359.8 	 -0.0 	 -0.0 	 0.2 	 73 
0.596 	 359.8 	 -0.0 	 -0.0 	 0.2 	 73 
0.599 	 359.8 	 -0.0 	 -0.0 	 0.2 	 73 
0.601 	 359.8 	 -0.0 	 -0.0 	 0.2 	 73 
0.602 	 359.8 	 -0.0 	 -0.0 	 0.2 	 73 
0.604 	 359.8 	 -0.0 	 -0.0 	 0.2 	 73 
0.605 	 359.8 	 -0.0 	 -0.0 	 0.2 	 73 
0.607 	 359.8 	 -0.0 	 -0.0 	 0.2 	 73 
0.608 	 359.8 	 -0.0 	 -0.0 	 0.2 	 73 
0.610 	 359.8 	 -0.0 	 -0.0 	 0.2 	 73 
0.611 	 359.8 	 -0.0 	 -0.0 	 0.2 	 73 
0.615 	 359.8 	 -0.0 	 -0.0 	 0.2 	 73 
0.624 	 359.8 	 -0.0 	 -0.0 	 0.1 	 73 
0.638 	 359.8 	 -0.0 	 -0.0 	 0.1 	 73 
0.640 	 359.8 	 -0.0 	 -0.0 	 0.1 	 73 
0.641 	 359.8 	 -0.0 	 -0.0 	 0.1 	 73 
0.643 	 359.8 	 -0.0 	 -0.0 	 0.1 	 73 
0.644 	 359.8 	 -0.0 	 -0.0 	 0.1 	 73 
0.646 	 359.8 	 -0.0 	 -0.0 	 0.1 	 73 
0.647 	 359.8 	 -0.0 	 -0.0 	 0.1 	 73 
0.648 	 359.8 	 -0.0 	 -0.0 	 0.1 	 73 
0.650 	 359.8 	 -0.0 	 -0.0 	 0.1 	 73 
0.652 	 359.8 	 -0.0 	 -0.0 	 0.1 	 73 
0.654 	 359.8 	 -0.0 	 -0.0 	 0.1 	 73 
0.655 	 359.8 	 -0.0 	 -0.0 	 0.1 	 73 
0.657 	 359.8 	 -0.0 	 -0.0 	 0.1 	 73 
0.658 	 359.8 	 -0.0 	 -0.0 	 0.1 	 73 
0.664 	 359.8 	 -0.0 	 -0.0 	 0.1 	 73 
0.666 	 359.8 	 -0.0 	 -0.0 	 0.1 	 73 
0.667 	 359.8 	 -0.0 	 -0.0 	 0.1 	 73 
0.670 	 359.8 	 -0.0 	 -0.0 	 0.1 	 73 
0.671 	 359.8 	 -0.0 	 -0.0 	 0.1 	 73 
0.673 	 359.8 	 -0.0 	 -0.0 	 0.1 	 73 
0.674 	 359.8 	 -0.0 	 -0.0 	 0.2 	 73 
0.677 	 359.8 	 -0.0 	 -0.0 	 0.2 	 73 
0.679 	 359.8 	 -0.0 	 -0.0 	 0.2 	 73 
0.680 	 359.8 	 -0.0 	 -0.0 	 0.2 	 73 
0.682 	 359.8 	 -0.0 	 -0.0 	 0.2 	 73 
0.683 	 359.8 	 -0.0 	 -0.0 	 0.2 	 73 
0.685 	 359.8 	 -0.0 	 -0.0 	 0.2 	 73 
0.690 	 359.8 	 -0.0 	 -0.0 	 0.2 	 73 
0.691 	 359.8 	 -0.0 	 -0.0 	 0.2 	 73 
0.694 	 359.8 	 -0.0 	 -0.0 	 0.2 	 73 
0.695 	 359.8 	 -0.0 	 -0.0 	 0.2 	 73 
0.697 	 359.8 	 -0.0 	 -0.0 	 0.2 	 73 
0.698 	 359.8 	 -0.0 	 -0.0 	 0.2 	 73 
0.700 	 359.8 	 -0.0 	 -0.0 	 0.2 	 73 
0.701 	 359.8 	 -0.0 	 -0.0 	 0.2 	 73 
0.706 	 359.8 	 -0.0 	 -0.0 	 0.2 	 73 
0.709 	 359.8 	 -0.0 	 -0.0 	 0.2 	 73 
0.710 	 359.8 	 -0.0 	 -0.0 	 0.2 	 73 
0.711 	 359.8 	 -0.0 	 -0.0 	 0.2 	 73 
0.715 	 359.8 	 -0.0 	 -0.0 	 0.2 	 73 
0.716 	 359.8 	 -0.0 	 -0.0 	 0.2 	 73 
0.718 	 359.8 	 -0.0 	 -0.0 	 0.2 	 73 
0.719 	 359.8 	 -0.0 	 -0.0 	 0.2 	 73 
0.721 	 359.8 	 -0.0 	 -0.0 	 0.2 	 73 
0.723 	 359.8 	 -0.0 	 -0.0 	 0.2 	 72 
0.737 	 359.8 	 -0.0 	 -0.0 	 0.2 	 72 
0.743 	 359.8 	 -0.0 	 -0.0 	 0.2 	 72 
0.744 	 359.8 	 -0.0 	 -0.0 	 0.2 	 72 
0.765 	 359.8 	 -0.0 	 -0.0 	 0.2 	 72 
0.787 	 359.8 	 -0.0 	 -0.0 	 0.2 	 72 
0.789 	 359.8 	 -0.0 	 -0.0 	 0.2 	 72 
0.790 	 359.8 	 -0.0 	 -0.0 	 0.2 	 72 
0.792 	 359.8 	 -0.0 	 -0.0 	 0.2 	 72 
0.793 	 359.8 	 -0.0 	 -0.0 	 0.2 	 72 
0.796 	 359.8 	 -0.0 	 -0.0 	 0.2 	 72 
0.821 	 359.8 	 -0.0 	 -0.0 	 0.2 	 72 
0.823 	 359.8 	 -0.0 	 -0.0 	 0.2 	 72 
0.824 	 359.8 	 -0.0 	 -0.0 	 0.2 	 72 
0.827 	 359.8 	 -0.0 	 -0.0 	 0.2 	 72 
0.828 	 359.8 	 -0.0 	 -0.0 	 0.2 	 72 
0.843 	 359.8 	 -0.0 	 -0.0 	 0.2 	 72 
0.867 	 359.8 	 -0.0 	 -0.0 	 0.2 	 72 
0.869 	 359.8 	 -0.0 	 -0.0 	 0.2 	 72 
0.871 	 359.9 	 -0.0 	 -0.0 	 0.2 	 72 
0.873 	 359.9 	 -0.0 	 -0.0 	 0.2 	 72 
0.874 	 359.9 	 -0.0 	 -0.0 	 0.2 	 72 
0.876 	 359.9 	 -0.0 	 -0.0 	 0.2 	 72 
0.877 	 359.9 	 -0.0 	 -0.0 	 0.2 	 72 
0.879 	 359.9 	 -0.0 	 -0.0 	 0.2 	 72 
0.881 	 359.9 	 -0.0 	 -0.0 	 0.2 	 72 
0.882 	 359.9 	 -0.0 	 -0.0 	 0.2 	 72 
0.884 	 359.9 	 -0.0 	 -0.0 	 0.2 	 72 
0.885 	 359.9 	 -0.0 	 -0.0 	 0.2 	 72 
0.900 	 359.9 	 -0.0 	 -0.0 	 0.2 	 72 
0.902 	 359.9 	 -0.0 	 -0.0 	 0.2 	 72 
0.903 	 359.9 	 -0.0 	 -0.0 	 0.2 	 72 
0.905 	 359.9 	 -0.0 	 -0.0 	 0.2 	 72 
0.908 	 359.9 	 -0.0 	 -0.0 	 0.2 	 72 
0.911 	 359.9 	 -0.0 	 -0.0 	 0.1 	 72 
0.912 	 359.9 	 -0.0 	 -0.0 	 0.1 	 72 
0.914 	 359.9 	 -0.0 	 -0.0 	 0.1 	 72 
0.915 	 359.9 	 -0.0 	 -0.0 	 0.1 	 72 
0.917 	 359.9 	 -0.0 	 -0.0 	 0.1 	 72 
0.919 	 359.9 	 -0.0 	 -0.0 	 0.1 	 72 
0.920 	 359.9 	 -0.0 	 -0.0 	 0.1 	 72 
0.922 	 359.9 	 -0.0 	 -0.0 	 0.1 	 72 
0.924 	 359.9 	 -0.0 	 -0.0 	 0.2 	 72 
0.926 	 359.9 	 -0.0 	 -0.0 	 0.2 	 72 
0.927 	 359.9 	 -0.0 	 -0.0 	 0.2 	 72 
0.962 	 359.9 	 -0.0 	 -0.0 	 0.2 	 72 
0.963 	 359.9 	 -0.0 	 -0.0 	 0.2 	 72 
0.965 	 359.9 	 -0.0 	 -0.0 	 0.2 	 72 
0.966 	 359.9 	 -0.0 	 -0.0 	 0.2 	 72 
0.968 	 359.9 	 -0.0 	 -0.0 	 0.2 	 72 
0.969 	 359.9 	 -0.0 	 -0.0 	 0.2 	 72 
0.971 	 359.9 	 -0.0 	 -0.0 	 0.2 	 72 
0.973 	 359.9 	 -0.0 	 -0.0 	 0.2 	 72 
0.974 	 359.9 	 -0.0 	 -0.0 	 0.2 	 72 
0.976 	 359.9 	 -0.0 	 -0.0 	 0.2 	 72 
0.977 	 359.9 	 -0.0 	 -0.0 	 0.2 	 72 
0.979 	 359.9 	 -0.0 	 -0.0 	 0.2 	 72 
0.980 	 359.9 	 -0.0 	 -0.0 	 0.2 	 72 
0.982 	 359.9 	 -0.0 	 -0.0 	 0.2 	 72 
0.984 	 359.9 	 -0.0 	 -0.0 	 0.2 	 72 
0.986 	 359.9 	 -0.0 	 -0.0 	 0.2 	 72 
0.988 	 359.9 	 -0.0 	 -0.0 	 0.2 	 72 
0.989 	 359.9 	 -0.0 	 -0.0 	 0.2 	 72 
0.991 	 359.9 	 -0.0 	 -0.0 	 0.2 	 72 
0.992 	 359.9 	 -0.0 	 -0.0 	 0.2 	 72 
0.994 	 359.9 	 -0.0 	 -0.0 	 0.2 	 72 
0.995 	 359.9 	 -0.0 	 -0.0 	 0.2 	 72 
0.996 	 359.9 	 -0.0 	 -0.0 	 0.2 	 72 
0.998 	 359.9 	 -0.0 	 -0.0 	 0.2 	 72 
0.999 	 359.9 	 -0.0 	 -0.0 	 0.2 	 72 
1.002 	 359.9 	 -0.0 	 -0.0 	 0.2 	 72 
1.004 	 359.9 	 -0.0 	 -0.0 	 0.2 	 72 
1.006 	 359.9 	 -0.0 	 -0.0 	 0.2 	 72 
1.007 	 359.9 	 -0.0 	 -0.0 	 0.2 	 72 
1.009 	 359.9 	 -0.0 	 -0.0 	 0.2 	 72 
1.011 	 359.9 	 -0.0 	 -0.0 	 0.2 	 72 
1.014 	 359.9 	 -0.0 	 -0.0 	 0.2 	 72 
1.016 	 359.9 	 -0.0 	 -0.0 	 0.2 	 72 
1.017 	 359.9 	 -0.0 	 -0.0 	 0.2 	 72 
1.021 	 359.9 	 -0.0 	 -0.0 	 0.2 	 72 
1.023 	 359.9 	 -0.0 	 -0.0 	 0.2 	 72 
1.025 	 359.9 	 -0.0 	 -0.0 	 0.2 	 72 
1.027 	 359.9 	 -0.0 	 -0.0 	 0.2 	 72 
1.028 	 359.9 	 -0.0 	 -0.0 	 0.2 	 72 
1.030 	 359.9 	 -0.0 	 -0.0 	 0.2 	 72 
1.031 	 359.9 	 -0.0 	 -0.0 	 0.2 	 72 
1.033 	 359.9 	 -0.0 	 -0.0 	 0.2 	 72 
1.035 	 359.9 	 -0.0 	 -0.0 	 0.2 	 72 
1.036 	 359.9 	 -0.0 	 -0.0 	 0.2 	 72 
1.040 	 359.9 	 -0.0 	 -0.0 	 0.2 	 72 
1.041 	 359.9 	 -0.0 	 -0.0 	 0.2 	 72 
1.043 	 359.9 	 -0.0 	 -0.0 	 0.2 	 72 
1.044 	 359.9 	 -0.0 	 -0.0 	 0.2 	 72 
1.046 	 359.9 	 -0.0 	 -0.0 	 0.2 	 72 
1.047 	 359.9 	 -0.0 	 -0.0 	 0.2 	 72 
1.049 	 359.9 	 -0.0 	 -0.0 	 0.2 	 72 
1.051 	 359.9 	 -0.0 	 -0.0 	 0.2 	 72 
1.055 	 359.9 	 -0.0 	 -0.0 	 0.2 	 72 
1.060 	 359.9 	 -0.0 	 -0.0 	 0.2 	 72 
1.068 	 359.9 	 -0.0 	 -0.0 	 0.2 	 72 
1.072 	 359.9 	 -0.0 	 -0.0 	 0.2 	 72 
1.074 	 359.9 	 -0.0 	 -0.0 	 0.2 	 72 
1.081 	 359.9 	 -0.0 	 -0.0 	 0.2 	 72 
1.082 	 359.9 	 -0.0 	 -0.0 	 0.2 	 72 
1.083 	 359.9 	 -0.0 	 -0.0 	 0.2 	 72 
1.085 	 359.9 	 -0.0 	 -0.0 	 0.2 	 72 
1.086 	 359.9 	 -0.0 	 -0.0 	 0.2 	 72 
1.088 	 359.9 	 -0.0 	 -0.0 	 0.2 	 72 
1.099 	 359.9 	 -0.0 	 -0.0 	 0.2 	 72 
1.100 	 359.9 	 -0.0 	 -0.0 	 0.2 	 72 
1.114 	 359.9 	 -0.0 	 -0.0 	 0.2 	 72 
1.115 	 359.9 	 -0.0 	 -0.0 	 0.2 	 72 
1.117 	 359.9 	 -0.0 	 -0.0 	 0.2 	 72 
1.132 	 359.9 	 -0.0 	 -0.0 	 0.2 	 72 
1.134 	 359.9 	 -0.0 	 -0.0 	 0.2 	 72 
1.135 	 359.9 	 -0.0 	 -0.0 	 0.2 	 72 
1.136 	 359.9 	 -0.0 	 -0.0 	 0.2 	 72 
1.138 	 359.9 	 -0.0 	 -0.0 	 0.2 	 72 
1.152 	 359.9 	 -0.0 	 -0.0 	 0.2 	 72 
1.153 	 359.9 	 -0.0 	 -0.0 	 0.2 	 72 
1.155 	 359.9 	 -0.0 	 -0.0 	 0.2 	 72 
1.168 	 359.9 	 -0.0 	 -0.0 	 0.2 	 72 
1.170 	 359.9 	 -0.0 	 -0.0 	 0.2 	 72 
1.172 	 359.9 	 -0.0 	 -0.0 	 0.2 	 72 
1.173 	 359.9 	 -0.0 	 -0.0 	 0.2 	 72 
1.192 	 359.9 	 -0.0 	 -0.0 	 0.2 	 72 
1.198 	 359.9 	 -0.0 	 -0.0 	 0.2 	 72 
1.199 	 359.9 	 -0.0 	 -0.0 	 0.2 	 72 
1.201 	 359.9 	 -0.0 	 -0.0 	 0.2 	 72 
1.202 	 359.9 	 -0.0 	 -0.0 	 0.2 	 72 
1.204 	 359.9 	 -0.0 	 -0.0 	 0.2 	 72 
1.205 	 359.9 	 -0.0 	 -0.0 	 0.2 	 72 
1.206 	 359.9 	 -0.0 	 -0.0 	 0.2 	 72 
1.208 	 359.9 	 -0.0 	 -0.0 	 0.2 	 72 
1.209 	 359.9 	 -0.0 	 -0.0 	 0.2 	 72 
1.211 	 359.9 	 -0.0 	 -0.0 	 0.2 	 72 
1.212 	 359.9 	 -0.0 	 -0.0 	 0.2 	 72 
1.213 	 359.9 	 -0.0 	 -0.0 	 0.2 	 72 
1.215 	 359.9 	 -0.0 	 -0.0 	 0.2 	 72 
1.216 	 359.9 	 -0.0 	 -0.0 	 0.2 	 72 
1.218 	 359.9 	 -0.0 	 -0.0 	 0.2 	 72 
1.219 	 359.9 	 -0.0 	 -0.0 	 0.2 	 72 
1.220 	 359.9 	 -0.0 	 -0.0 	 0.2 	 72 
1.236 	 359.9 	 -0.0 	 -0.0 	 0.2 	 72 
1.238 	 359.9 	 -0.0 	 -0.0 	 0.2 	 72 
1.244 	 359.9 	 -0.0 	 -0.0 	 0.2 	 72 
1.246 	 359.9 	 -0.0 	 -0.0 	 0.2 	 72 
1.247 	 359.9 	 -0.0 	 -0.0 	 0.2 	 72 
1.252 	 359.9 	 -0.0 	 -0.0 	 0.2 	 72 
1.254 	 359.9 	 -0.0 	 -0.0 	 0.2 	 72 
1.258 	 359.9 	 -0.0 	 -0.0 	 0.2 	 72 
1.260 	 359.9 	 -0.0 	 -0.0 	 0.2 	 72 
1.268 	 359.9 	 -0.0 	 -0.0 	 0.2 	 72 
1.270 	 359.9 	 -0.0 	 -0.0 	 0.2 	 72 
1.271 	 359.9 	 -0.0 	 -0.0 	 0.2 	 72 
1.273 	 359.9 	 -0.0 	 -0.0 	 0.2 	 72 
1.292 	 359.9 	 -0.0 	 -0.0 	 0.2 	 72 
1.299 	 359.9 	 -0.0 	 -0.0 	 0.2 	 72 
1.306 	 359.9 	 -0.0 	 -0.0 	 0.2 	 72 
1.312 	 359.9 	 -0.0 	 -0.0 	 0.2 	 72 
1.332 	 359.9 	 -0.0 	 -0.0 	 0.2 	 72 
1.334 	 360.0 	 -0.0 	 -0.0 	 0.2 	 72 
1.335 	 360.0 	 -0.0 	 -0.0 	 0.2 	 72 
1.352 	 360.0 	 -0.0 	 -0.0 	 0.2 	 72 
1.354 	 360.0 	 -0.0 	 -0.0 	 0.2 	 72 
1.355 	 360.0 	 -0.0 	 -0.0 	 0.2 	 72 
1.357 	 360.0 	 -0.0 	 -0.0 	 0.2 	 72 
1.372 	 360.0 	 -0.0 	 -0.0 	 0.2 	 72 
1.374 	 360.0 	 -0.0 	 -0.0 	 0.2 	 72 
1.375 	 360.0 	 -0.0 	 -0.0 	 0.2 	 72 
1.388 	 360.0 	 -0.0 	 -0.0 	 0.2 	 72 
1.390 	 360.0 	 -0.0 	 -0.0 	 0.2 	 72 
1.400 	 360.0 	 -0.0 	 -0.0 	 0.2 	 72 
1.402 	 360.0 	 -0.0 	 -0.0 	 0.2 	 72 
1.403 	 360.0 	 -0.0 	 -0.0 	 0.2 	 72 
1.413 	 360.0 	 -0.0 	 -0.0 	 0.2 	 72 
1.418 	 359.9 	 -0.0 	 -0.0 	 0.2 	 72 
1.436 	 359.9 	 -0.0 	 -0.0 	 0.2 	 72 
1.438 	 359.9 	 -0.0 	 -0.0 	 0.2 	 72 
1.439 	 359.9 	 -0.0 	 -0.0 	 0.2 	 72 
1.456 	 359.9 	 -0.0 	 -0.0 	 0.2 	 72 
1.458 	 359.9 	 -0.0 	 -0.0 	 0.2 	 72 
1.459 	 359.9 	 -0.0 	 -0.0 	 0.2 	 72 
1.460 	 359.9 	 -0.0 	 -0.0 	 0.2 	 72 
1.462 	 359.9 	 -0.0 	 -0.0 	 0.2 	 72 
1.472 	 359.9 	 -0.0 	 -0.0 	 0.2 	 72 
1.474 	 359.9 	 -0.0 	 -0.0 	 0.2 	 72 
1.475 	 359.9 	 -0.0 	 -0.0 	 0.2 	 72 
1.488 	 359.9 	 -0.0 	 -0.0 	 0.2 	 72 
1.490 	 359.9 	 -0.0 	 -0.0 	 0.2 	 72 
1.502 	 359.9 	 -0.0 	 -0.0 	 0.2 	 72 
1.503 	 359.9 	 -0.0 	 -0.0 	 0.2 	 72 
1.527 	 359.9 	 -0.0 	 -0.0 	 0.2 	 72 
1.539 	 359.9 	 -0.0 	 -0.0 	 0.3 	 72 
1.548 	 359.9 	 -0.0 	 -0.0 	 0.3 	 72 
1.553 	 359.9 	 -0.0 	 -0.0 	 0.2 	 72 
1.554 	 359.9 	 -0.0 	 -0.0 	 0.2 	 72 
1.555 	 359.9 	 -0.0 	 -0.0 	 0.2 	 72 
1.561 	 359.9 	 -0.0 	 -0.0 	 0.2 	 72 
1.572 	 359.9 	 -0.0 	 -0.0 	 0.2 	 72 
1.574 	 359.9 	 -0.0 	 -0.0 	 0.2 	 72 
1.575 	 359.9 	 -0.0 	 -0.0 	 0.2 	 72 
1.580 	 359.9 	 -0.0 	 -0.0 	 0.2 	 72 
1.596 	 359.9 	 -0.0 	 -0.0 	 0.2 	 72 
1.598 	 359.9 	 -0.0 	 -0.0 	 0.2 	 72 
1.599 	 359.9 	 -0.0 	 -0.0 	 0.2 	 72 
1.601 	 359.9 	 -0.0 	 -0.0 	 0.2 	 72 
1.616 	 359.9 	 -0.0 	 -0.0 	 0.2 	 72 
1.618 	 359.9 	 -0.0 	 -0.0 	 0.2 	 72 
1.619 	 359.9 	 -0.0 	 -0.0 	 0.2 	 72 
1.639 	 359.9 	 -0.0 	 -0.0 	 0.2 	 72 
1.646 	 359.9 	 -0.0 	 -0.0 	 0.2 	 72 
1.656 	 359.9 	 -0.0 	 -0.0 	 0.2 	 72 
1.658 	 359.9 	 -0.0 	 -0.0 	 0.2 	 72 
1.665 	 359.9 	 -0.0 	 -0.0 	 0.2 	 72 
1.680 	 359.9 	 -0.0 	 -0.0 	 0.2 	 72 
1.681 	 359.8 	 -0.0 	 -0.0 	 0.2 	 72 
1.683 	 359.8 	 -0.0 	 -0.0 	 0.2 	 72 
1.695 	 359.8 	 -0.0 	 -0.0 	 0.2 	 72 
1.696 	 359.8 	 -0.0 	 -0.0 	 0.2 	 72 
1.699 	 359.8 	 -0.0 	 -0.0 	 0.2 	 72 
1.703 	 359.8 	 -0.0 	 -0.0 	 0.2 	 72 
1.708 	 359.8 	 -0.0 	 -0.0 	 0.1 	 72 
1.718 	 359.8 	 -0.0 	 -0.0 	 0.1 	 72 
1.720 	 359.8 	 -0.0 	 -0.0 	 0.1 	 72 
1.721 	 359.8 	 -0.0 	 -0.0 	 0.1 	 72 
1.723 	 359.8 	 -0.0 	 -0.0 	 0.2 	 71 
1.725 	 359.8 	 -0.0 	 -0.0 	 0.2 	 71 
1.727 	 359.8 	 -0.0 	 -0.0 	 0.2 	 71 
1.729 	 359.8 	 -0.0 	 -0.0 	 0.2 	 71 
1.730 	 359.8 	 -0.0 	 -0.0 	 0.2 	 71 
1.731 	 359.8 	 -0.0 	 -0.0 	 0.2 	 71 
1.733 	 359.8 	 -0.0 	 -0.0 	 0.2 	 71 
1.734 	 359.8 	 -0.0 	 -0.0 	 0.2 	 71 
1.738 	 359.8 	 -0.0 	 -0.0 	 0.2 	 71 
1.740 	 359.8 	 -0.0 	 -0.0 	 0.2 	 71 
1.749 	 359.8 	 -0.0 	 -0.0 	 0.2 	 71 
1.760 	 359.8 	 -0.0 	 -0.0 	 0.2 	 71 
1.762 	 359.8 	 -0.0 	 -0.0 	 0.2 	 71 
1.764 	 359.8 	 -0.0 	 -0.0 	 0.2 	 71 
1.768 	 359.8 	 -0.0 	 -0.0 	 0.2 	 71 
1.773 	 359.8 	 -0.0 	 -0.0 	 0.2 	 71 
1.844 	 359.8 	 -0.0 	 -0.0 	 0.2 	 71 
1.848 	 359.8 	 -0.0 	 -0.0 	 0.2 	 71 
1.870 	 359.8 	 -0.0 	 -0.0 	 0.2 	 71 
1.873 	 359.8 	 -0.0 	 -0.0 	 0.2 	 71 
1.884 	 359.8 	 -0.0 	 -0.0 	 0.2 	 71 
1.936 	 359.8 	 -0.0 	 -0.0 	 0.2 	 71 
1.940 	 359.8 	 -0.0 	 -0.0 	 0.2 	 71 
1.946 	 359.8 	 -0.0 	 -0.0 	 0.2 	 71 
1.948 	 359.8 	 -0.0 	 -0.0 	 0.2 	 71 
1.956 	 359.8 	 -0.0 	 -0.0 	 0.2 	 71 
1.971 	 359.8 	 -0.0 	 -0.0 	 0.2 	 71 
1.981 	 359.7 	 -0.0 	 -0.0 	 0.2 	 71 
1.984 	 359.7 	 -0.0 	 -0.0 	 0.2 	 71 
1.990 	 359.7 	 -0.0 	 -0.0 	 0.2 	 71 
2.032 	 359.8 	 -0.0 	 -0.0 	 0.2 	 71 
2.040 	 359.7 	 -0.0 	 -0.0 	 0.2 	 71 
2.112 	 359.8 	 -0.0 	 -0.0 	 0.2 	 71 
2.116 	 359.8 	 -0.0 	 -0.0 	 0.2 	 71 
2.120 	 359.8 	 -0.0 	 -0.0 	 0.2 	 71 
2.124 	 359.8 	 -0.0 	 -0.0 	 0.2 	 71 
2.126 	 359.8 	 -0.0 	 -0.0 	 0.2 	 71 
2.134 	 359.8 	 -0.0 	 -0.0 	 0.2 	 71 
2.136 	 359.8 	 -0.0 	 -0.0 	 0.2 	 71 
2.137 	 359.8 	 -0.0 	 -0.0 	 0.2 	 71 
2.139 	 359.8 	 -0.0 	 -0.0 	 0.2 	 71 
2.140 	 359.8 	 -0.0 	 -0.0 	 0.2 	 71 
2.148 	 359.8 	 -0.0 	 -0.0 	 0.2 	 71 
2.150 	 359.8 	 -0.0 	 -0.0 	 0.2 	 71 
2.166 	 359.8 	 -0.0 	 -0.0 	 0.2 	 71 
2.168 	 359.8 	 -0.0 	 -0.0 	 0.2 	 71 
2.169 	 359.8 	 -0.0 	 -0.0 	 0.2 	 71 
2.171 	 359.8 	 -0.0 	 -0.0 	 0.2 	 71 
2.211 	 359.8 	 -0.0 	 -0.0 	 0.2 	 71 
2.224 	 359.8 	 -0.0 	 -0.0 	 0.2 	 71 
2.240 	 359.7 	 -0.0 	 -0.0 	 0.3 	 71 
2.242 	 359.7 	 -0.0 	 -0.0 	 0.2 	 71 
2.248 	 359.7 	 -0.0 	 -0.0 	 0.2 	 71 
2.250 	 359.7 	 -0.0 	 -0.0 	 0.2 	 71 
2.261 	 359.7 	 -0.0 	 -0.0 	 0.2 	 71 
2.262 	 359.7 	 -0.0 	 -0.0 	 0.2 	 71 
2.264 	 359.7 	 -0.0 	 -0.0 	 0.2 	 71 
2.272 	 359.7 	 -0.0 	 -0.0 	 0.2 	 71 
2.274 	 359.7 	 -0.0 	 -0.0 	 0.2 	 71 
2.288 	 359.7 	 -0.0 	 -0.0 	 0.2 	 71 
2.290 	 359.7 	 -0.0 	 -0.0 	 0.2 	 71 
2.291 	 359.7 	 -0.0 	 -0.0 	 0.2 	 71 
2.296 	 359.7 	 -0.0 	 -0.0 	 0.2 	 71 
2.303 	 359.7 	 -0.0 	 -0.0 	 0.2 	 71 
2.316 	 359.8 	 -0.0 	 -0.0 	 0.2 	 71 
2.318 	 359.8 	 -0.0 	 -0.0 	 0.2 	 71 
2.322 	 359.8 	 -0.0 	 -0.0 	 0.2 	 71 
2.324 	 359.8 	 -0.0 	 -0.0 	 0.2 	 71 
2.331 	 359.8 	 -0.0 	 -0.0 	 0.2 	 71 
2.337 	 359.8 	 -0.0 	 -0.0 	 0.2 	 71 
2.344 	 359.7 	 -0.0 	 -0.0 	 0.2 	 71 
2.352 	 359.7 	 -0.0 	 -0.0 	 0.2 	 71 
2.354 	 359.7 	 -0.0 	 -0.0 	 0.2 	 71 
2.368 	 359.7 	 -0.0 	 -0.0 	 0.2 	 71 
2.370 	 359.8 	 -0.0 	 -0.0 	 0.2 	 71 
2.371 	 359.8 	 -0.0 	 -0.0 	 0.2 	 71 
2.388 	 359.8 	 -0.0 	 -0.0 	 0.2 	 71 
2.390 	 359.8 	 -0.0 	 -0.0 	 0.2 	 71 
2.392 	 359.8 	 -0.0 	 -0.0 	 0.2 	 71 
2.394 	 359.8 	 -0.0 	 -0.0 	 0.2 	 71 
2.395 	 359.8 	 -0.0 	 -0.0 	 0.2 	 71 
2.400 	 359.8 	 -0.0 	 -0.0 	 0.2 	 71 
2.402 	 359.8 	 -0.0 	 -0.0 	 0.2 	 71 
2.408 	 359.8 	 -0.0 	 -0.0 	 0.2 	 71 
2.410 	 359.8 	 -0.0 	 -0.0 	 0.2 	 71 
2.430 	 359.8 	 -0.0 	 -0.0 	 0.2 	 71 
2.437 	 359.8 	 -0.0 	 -0.0 	 0.2 	 71 
2.443 	 359.8 	 -0.0 	 -0.0 	 0.2 	 71 
2.452 	 359.8 	 -0.0 	 -0.0 	 0.2 	 71 
2.454 	 359.8 	 -0.0 	 -0.0 	 0.2 	 71 
2.460 	 359.8 	 -0.0 	 -0.0 	 0.2 	 71 
2.462 	 359.8 	 -0.0 	 -0.0 	 0.2 	 71 
2.484 	 359.8 	 -0.0 	 -0.0 	 0.2 	 71 
2.486 	 359.7 	 -0.0 	 -0.0 	 0.2 	 71 
2.487 	 359.7 	 -0.0 	 -0.0 	 0.2 	 71 
2.500 	 359.7 	 -0.0 	 -0.0 	 0.2 	 71 
2.502 	 359.7 	 -0.0 	 -0.0 	 0.1 	 71 
2.503 	 359.7 	 -0.0 	 -0.0 	 0.1 	 71 
2.505 	 359.7 	 -0.0 	 -0.0 	 0.1 	 71 
2.506 	 359.7 	 -0.0 	 -0.0 	 0.1 	 71 
2.507 	 359.7 	 -0.0 	 -0.0 	 0.1 	 71 
2.509 	 359.7 	 -0.0 	 -0.0 	 0.1 	 71 
2.510 	 359.7 	 -0.0 	 -0.0 	 0.1 	 71 
2.511 	 359.7 	 -0.0 	 -0.0 	 0.1 	 71 
2.513 	 359.7 	 -0.0 	 -0.0 	 0.2 	 71 
2.514 	 359.7 	 -0.0 	 -0.0 	 0.2 	 71 
2.516 	 359.7 	 -0.0 	 -0.0 	 0.2 	 71 
2.517 	 359.7 	 -0.0 	 -0.0 	 0.2 	 71 
2.518 	 359.7 	 -0.0 	 -0.0 	 0.2 	 71 
2.520 	 359.7 	 -0.0 	 -0.0 	 0.2 	 71 
2.521 	 359.7 	 -0.0 	 -0.0 	 0.2 	 71 
2.523 	 359.7 	 -0.0 	 -0.0 	 0.2 	 71 
2.524 	 359.7 	 -0.0 	 -0.0 	 0.2 	 71 
2.525 	 359.7 	 -0.0 	 -0.0 	 0.2 	 71 
2.527 	 359.7 	 -0.0 	 -0.0 	 0.2 	 71 
2.528 	 359.7 	 -0.0 	 -0.0 	 0.2 	 71 
2.529 	 359.7 	 -0.0 	 -0.0 	 0.2 	 71 
2.531 	 359.7 	 -0.0 	 -0.0 	 0.2 	 71 
2.532 	 359.7 	 -0.0 	 -0.0 	 0.2 	 71 
2.534 	 359.7 	 -0.0 	 -0.0 	 0.2 	 71 
2.535 	 359.7 	 -0.0 	 -0.0 	 0.3 	 71 
2.536 	 359.7 	 -0.0 	 -0.0 	 0.3 	 71 
2.538 	 359.7 	 -0.0 	 -0.0 	 0.3 	 71 
2.544 	 359.7 	 -0.0 	 -0.0 	 0.3 	 71 
2.550 	 359.7 	 -0.0 	 -0.0 	 0.3 	 71 
2.552 	 359.7 	 -0.0 	 -0.0 	 0.3 	 71 
2.553 	 359.7 	 -0.0 	 -0.0 	 0.3 	 71 
2.555 	 359.8 	 -0.0 	 -0.0 	 0.2 	 71 
2.556 	 359.8 	 -0.0 	 -0.0 	 0.2 	 71 
2.557 	 359.8 	 -0.0 	 -0.0 	 0.2 	 71 
2.559 	 359.8 	 -0.0 	 -0.0 	 0.2 	 71 
2.560 	 359.8 	 -0.0 	 -0.0 	 0.2 	 71 
2.562 	 359.8 	 -0.0 	 -0.0 	 0.2 	 71 
2.563 	 359.8 	 -0.0 	 -0.0 	 0.2 	 71 
2.564 	 359.8 	 -0.0 	 -0.0 	 0.2 	 71 
2.566 	 359.8 	 -0.0 	 -0.0 	 0.2 	 71 
2.567 	 359.8 	 -0.0 	 -0.0 	 0.2 	 71 
2.568 	 359.8 	 -0.0 	 -0.0 	 0.2 	 71 
2.570 	 359.8 	 -0.0 	 -0.0 	 0.2 	 71 
2.571 	 359.8 	 -0.0 	 -0.0 	 0.2 	 71 
2.573 	 359.8 	 -0.0 	 -0.0 	 0.2 	 71 
2.574 	 359.8 	 -0.0 	 -0.0 	 0.2 	 71 
2.575 	 359.8 	 -0.0 	 -0.0 	 0.2 	 71 
2.577 	 359.8 	 -0.0 	 -0.0 	 0.2 	 71 
2.578 	 359.8 	 -0.0 	 -0.0 	 0.2 	 71 
2.580 	 359.8 	 -0.0 	 -0.0 	 0.2 	 71 
2.581 	 359.8 	 -0.0 	 -0.0 	 0.2 	 71 
2.582 	 359.8 	 -0.0 	 -0.0 	 0.2 	 71 
2.584 	 359.8 	 -0.0 	 -0.0 	 0.2 	 71 
2.585 	 359.8 	 -0.0 	 -0.0 	 0.2 	 71 
2.587 	 359.8 	 -0.0 	 -0.0 	 0.2 	 71 
2.588 	 359.8 	 -0.0 	 -0.0 	 0.2 	 71 
2.589 	 359.8 	 -0.0 	 -0.0 	 0.2 	 71 
2.591 	 359.8 	 -0.0 	 -0.0 	 0.2 	 71 
2.592 	 359.8 	 -0.0 	 -0.0 	 0.2 	 71 
2.594 	 359.8 	 -0.0 	 -0.0 	 0.2 	 71 
2.595 	 359.8 	 -0.0 	 -0.0 	 0.2 	 71 
2.596 	 359.8 	 -0.0 	 -0.0 	 0.2 	 71 
2.598 	 359.8 	 -0.0 	 -0.0 	 0.2 	 71 
2.599 	 359.8 	 -0.0 	 -0.0 	 0.2 	 71 
2.601 	 359.8 	 -0.0 	 -0.0 	 0.2 	 71 
2.602 	 359.8 	 -0.0 	 -0.0 	 0.2 	 71 
2.603 	 359.8 	 -0.0 	 -0.0 	 0.2 	 71 
2.605 	 359.8 	 -0.0 	 -0.0 	 0.2 	 71 
2.606 	 359.8 	 -0.0 	 -0.0 	 0.2 	 71 
2.608 	 359.8 	 -0.0 	 -0.0 	 0.2 	 71 
2.620 	 359.8 	 -0.0 	 -0.0 	 0.2 	 71 
2.622 	 359.8 	 -0.0 	 -0.0 	 0.2 	 71 
2.623 	 359.8 	 -0.0 	 -0.0 	 0.2 	 71 
2.624 	 359.8 	 -0.0 	 -0.0 	 0.2 	 71 
2.632 	 359.8 	 -0.0 	 -0.0 	 0.2 	 71 
2.634 	 359.8 	 -0.0 	 -0.0 	 0.2 	 71 
2.635 	 359.8 	 -0.0 	 -0.0 	 0.2 	 71 
2.640 	 359.8 	 -0.0 	 -0.0 	 0.2 	 71 
2.642 	 359.8 	 -0.0 	 -0.0 	 0.2 	 71 
2.659 	 359.8 	 -0.0 	 -0.0 	 0.2 	 71 
2.672 	 359.8 	 -0.0 	 -0.0 	 0.2 	 71 
2.674 	 359.8 	 -0.0 	 -0.0 	 0.2 	 71 
2.675 	 359.8 	 -0.0 	 -0.0 	 0.2 	 71 
2.677 	 359.8 	 -0.0 	 -0.0 	 0.2 	 71 
2.678 	 359.8 	 -0.0 	 -0.0 	 0.2 	 71 
2.688 	 359.8 	 -0.0 	 -0.0 	 0.2 	 71 
2.690 	 359.8 	 -0.0 	 -0.0 	 0.2 	 71 
2.691 	 359.8 	 -0.0 	 -0.0 	 0.2 	 71 
2.693 	 359.8 	 -0.0 	 -0.0 	 0.2 	 71 
2.701 	 359.8 	 -0.0 	 -0.0 	 0.2 	 71 
2.703 	 359.8 	 -0.0 	 -0.0 	 0.2 	 71 
2.705 	 359.8 	 -0.0 	 -0.0 	 0.2 	 71 
2.712 	 359.8 	 -0.0 	 -0.0 	 0.2 	 71 
2.714 	 359.7 	 -0.0 	 -0.0 	 0.2 	 71 
2.715 	 359.7 	 -0.0 	 -0.0 	 0.2 	 71 
2.720 	 359.7 	 -0.0 	 -0.0 	 0.2 	 71 
2.722 	 359.7 	 -0.0 	 -0.0 	 0.2 	 71 
2.732 	 359.7 	 -0.0 	 -0.0 	 0.2 	 71 
2.734 	 359.7 	 -0.0 	 -0.0 	 0.2 	 71 
2.735 	 359.7 	 -0.0 	 -0.0 	 0.2 	 71 
2.752 	 359.7 	 -0.0 	 -0.0 	 0.2 	 71 
2.753 	 359.7 	 -0.0 	 -0.0 	 0.2 	 71 
2.755 	 359.7 	 -0.0 	 -0.0 	 0.2 	 71 
2.768 	 359.7 	 -0.0 	 -0.0 	 0.2 	 71 
2.775 	 359.7 	 -0.0 	 -0.0 	 0.2 	 71 
2.791 	 359.8 	 -0.0 	 -0.0 	 0.2 	 71 
2.793 	 359.8 	 -0.0 	 -0.0 	 0.2 	 71 
2.794 	 359.8 	 -0.0 	 -0.0 	 0.2 	 71 
2.806 	 359.8 	 -0.0 	 -0.0 	 0.2 	 71 
2.808 	 359.8 	 -0.0 	 -0.0 	 0.2 	 71 
2.809 	 359.8 	 -0.0 	 -0.0 	 0.2 	 71 
2.820 	 359.8 	 -0.0 	 -0.0 	 0.2 	 71 
2.822 	 359.8 	 -0.0 	 -0.0 	 0.2 	 71 
2.836 	 359.8 	 -0.0 	 -0.0 	 0.2 	 71 
2.908 	 359.8 	 -0.0 	 -0.0 	 0.2 	 71 
2.948 	 359.8 	 -0.0 	 -0.0 	 0.2 	 71 
2.952 	 359.8 	 -0.0 	 -0.0 	 0.2 	 71 
2.972 	 359.8 	 -0.0 	 -0.0 	 0.2 	 71 
2.975 	 359.8 	 -0.0 	 -0.0 	 0.2 	 71 
2.991 	 359.7 	 -0.0 	 -0.0 	 0.2 	 71 
3.000 	 359.7 	 -0.0 	 -0.0 	 0.2 	 71 
3.009 	 359.7 	 -0.0 	 -0.0 	 0.2 	 71 
3.064 	 359.7 	 -0.0 	 -0.0 	 0.1 	 71 
3.127 	 359.7 	 -0.0 	 -0.0 	 0.2 	 71 
3.129 	 359.7 	 -0.0 	 -0.0 	 0.2 	 71 
3.131 	 359.7 	 -0.0 	 -0.0 	 0.2 	 71 
3.148 	 359.7 	 -0.0 	 -0.0 	 0.2 	 71 
3.149 	 359.7 	 -0.0 	 -0.0 	 0.2 	 71 
3.151 	 359.7 	 -0.0 	 -0.0 	 0.2 	 71 
3.152 	 359.7 	 -0.0 	 -0.0 	 0.2 	 71 
3.154 	 359.7 	 -0.0 	 -0.0 	 0.2 	 71 
3.155 	 359.7 	 -0.0 	 -0.0 	 0.2 	 71 
3.156 	 359.7 	 -0.0 	 -0.0 	 0.2 	 71 
3.158 	 359.7 	 -0.0 	 -0.0 	 0.2 	 71 
3.159 	 359.7 	 -0.0 	 -0.0 	 0.2 	 71 
3.161 	 359.7 	 -0.0 	 -0.0 	 0.2 	 71 
3.162 	 359.7 	 -0.0 	 -0.0 	 0.2 	 71 
3.164 	 359.7 	 -0.0 	 -0.0 	 0.2 	 71 
3.165 	 359.7 	 -0.0 	 -0.0 	 0.2 	 71 
3.166 	 359.7 	 -0.0 	 -0.0 	 0.2 	 71 
3.168 	 359.7 	 -0.0 	 -0.0 	 0.2 	 71 
3.169 	 359.7 	 -0.0 	 -0.0 	 0.2 	 71 
3.171 	 359.7 	 -0.0 	 -0.0 	 0.1 	 71 
3.172 	 359.7 	 -0.0 	 -0.0 	 0.1 	 71 
3.173 	 359.7 	 -0.0 	 -0.0 	 0.1 	 71 
3.175 	 359.7 	 -0.0 	 -0.0 	 0.1 	 71 
3.176 	 359.7 	 -0.0 	 -0.0 	 0.1 	 71 
3.178 	 359.7 	 -0.0 	 -0.0 	 0.1 	 71 
3.179 	 359.7 	 -0.0 	 -0.0 	 0.1 	 71 
3.180 	 359.7 	 -0.0 	 -0.0 	 0.1 	 71 
3.182 	 359.7 	 -0.0 	 -0.0 	 0.1 	 71 
3.183 	 359.7 	 -0.0 	 -0.0 	 0.1 	 71 
3.192 	 359.7 	 -0.0 	 -0.0 	 0.1 	 71 
3.193 	 359.7 	 -0.0 	 -0.0 	 0.1 	 71 
3.194 	 359.7 	 -0.0 	 -0.0 	 0.1 	 71 
3.204 	 359.7 	 -0.0 	 -0.0 	 0.1 	 71 
3.206 	 359.7 	 -0.0 	 -0.0 	 0.1 	 71 
3.207 	 359.7 	 -0.0 	 -0.0 	 0.1 	 71 
3.209 	 359.7 	 -0.0 	 -0.0 	 0.1 	 71 
3.210 	 359.7 	 -0.0 	 -0.0 	 0.1 	 71 
3.211 	 359.7 	 -0.0 	 -0.0 	 0.1 	 71 
3.215 	 359.7 	 -0.0 	 -0.0 	 0.1 	 71 
3.216 	 359.7 	 -0.0 	 -0.0 	 0.2 	 71 
3.217 	 359.7 	 -0.0 	 -0.0 	 0.2 	 71 
3.230 	 359.7 	 -0.0 	 -0.0 	 0.2 	 71 
3.231 	 359.7 	 -0.0 	 -0.0 	 0.2 	 71 
3.233 	 359.7 	 -0.0 	 -0.0 	 0.2 	 71 
3.244 	 359.7 	 -0.0 	 -0.0 	 0.2 	 71 
3.246 	 359.7 	 -0.0 	 -0.0 	 0.2 	 71 
3.247 	 359.7 	 -0.0 	 -0.0 	 0.2 	 71 
3.250 	 359.7 	 -0.0 	 -0.0 	 0.2 	 71 
3.252 	 359.7 	 -0.0 	 -0.0 	 0.2 	 71 
3.256 	 359.7 	 -0.0 	 -0.0 	 0.2 	 71 
3.258 	 359.7 	 -0.0 	 -0.0 	 0.2 	 71 
3.266 	 359.7 	 -0.0 	 -0.0 	 0.2 	 71 
3.267 	 359.7 	 -0.0 	 -0.0 	 0.2 	 71 
3.289 	 359.7 	 -0.0 	 -0.0 	 0.2 	 71 
3.293 	 359.7 	 -0.0 	 -0.0 	 0.2 	 71 
3.294 	 359.7 	 -0.0 	 -0.0 	 0.2 	 71 
3.298 	 359.7 	 -0.0 	 -0.0 	 0.2 	 71 
3.300 	 359.7 	 -0.0 	 -0.0 	 0.2 	 71 
3.304 	 359.7 	 -0.0 	 -0.0 	 0.2 	 71 
3.306 	 359.7 	 -0.0 	 -0.0 	 0.2 	 71 
3.319 	 359.7 	 -0.0 	 -0.0 	 0.2 	 71 
3.321 	 359.7 	 -0.0 	 -0.0 	 0.2 	 71 
3.322 	 359.7 	 -0.0 	 -0.0 	 0.2 	 71 
3.324 	 359.7 	 -0.0 	 -0.0 	 0.2 	 71 
3.328 	 359.7 	 -0.0 	 -0.0 	 0.2 	 71 
3.330 	 359.7 	 -0.0 	 -0.0 	 0.3 	 71 
3.344 	 359.7 	 -0.0 	 -0.0 	 0.3 	 71 
3.345 	 359.7 	 -0.0 	 -0.0 	 0.3 	 71 
3.346 	 359.7 	 -0.0 	 -0.0 	 0.3 	 71 
3.348 	 359.7 	 -0.0 	 -0.0 	 0.2 	 71 
3.363 	 359.7 	 -0.0 	 -0.0 	 0.2 	 71 
3.364 	 359.7 	 -0.0 	 -0.0 	 0.2 	 71 
3.365 	 359.7 	 -0.0 	 -0.0 	 0.2 	 71 
3.380 	 359.7 	 -0.0 	 -0.0 	 0.2 	 71 
3.384 	 359.7 	 -0.0 	 -0.0 	 0.2 	 71 
3.386 	 359.7 	 -0.0 	 -0.0 	 0.1 	 71 
3.388 	 359.7 	 -0.0 	 -0.0 	 0.1 	 71 
3.389 	 359.7 	 -0.0 	 -0.0 	 0.1 	 71 
3.391 	 359.7 	 -0.0 	 -0.0 	 0.1 	 71 
3.392 	 359.7 	 -0.0 	 -0.0 	 0.1 	 71 
3.394 	 359.7 	 -0.0 	 -0.0 	 0.1 	 71 
3.395 	 359.7 	 -0.0 	 -0.0 	 0.1 	 71 
3.397 	 359.7 	 -0.0 	 -0.0 	 0.1 	 71 
3.398 	 359.7 	 -0.0 	 -0.0 	 0.1 	 71 
3.399 	 359.7 	 -0.0 	 -0.0 	 0.1 	 71 
3.407 	 359.7 	 -0.0 	 -0.0 	 0.1 	 71 
3.413 	 359.7 	 -0.0 	 -0.0 	 0.1 	 71 
3.420 	 359.7 	 -0.0 	 -0.0 	 0.1 	 71 
3.425 	 359.7 	 -0.0 	 -0.0 	 0.2 	 71 
3.472 	 359.7 	 -0.0 	 -0.0 	 0.1 	 71 
3.474 	 359.7 	 -0.0 	 -0.0 	 0.1 	 71 
3.475 	 359.7 	 -0.0 	 -0.0 	 0.1 	 71 
3.477 	 359.7 	 -0.0 	 -0.0 	 0.1 	 71 
3.484 	 359.7 	 -0.0 	 -0.0 	 0.2 	 71 
3.486 	 359.7 	 -0.0 	 -0.0 	 0.2 	 71 
3.500 	 359.7 	 -0.0 	 -0.0 	 0.2 	 71 
3.504 	 359.7 	 -0.0 	 -0.0 	 0.2 	 71 
3.506 	 359.7 	 -0.0 	 -0.0 	 0.2 	 71 
3.525 	 359.7 	 -0.0 	 -0.0 	 0.2 	 71 
3.540 	 359.7 	 -0.0 	 -0.0 	 0.2 	 71 
3.542 	 359.7 	 -0.0 	 -0.0 	 0.3 	 71 
3.543 	 359.7 	 -0.0 	 -0.0 	 0.3 	 71 
3.560 	 359.7 	 -0.0 	 -0.0 	 0.3 	 71 
3.572 	 359.7 	 -0.0 	 -0.0 	 0.2 	 71 
3.574 	 359.7 	 -0.0 	 -0.0 	 0.2 	 71 
3.575 	 359.7 	 -0.0 	 -0.0 	 0.2 	 71 
3.576 	 359.7 	 -0.0 	 -0.0 	 0.2 	 71 
3.578 	 359.7 	 -0.0 	 -0.0 	 0.2 	 71 
3.584 	 359.7 	 -0.0 	 -0.0 	 0.2 	 71 
3.586 	 359.7 	 -0.0 	 -0.0 	 0.2 	 71 
3.600 	 359.7 	 -0.0 	 -0.0 	 0.2 	 71 
3.602 	 359.7 	 -0.0 	 -0.0 	 0.2 	 71 
3.608 	 359.7 	 -0.0 	 -0.0 	 0.2 	 71 
3.610 	 359.7 	 -0.0 	 -0.0 	 0.2 	 71 
3.621 	 359.7 	 -0.0 	 -0.0 	 0.2 	 71 
3.622 	 359.7 	 -0.0 	 -0.0 	 0.2 	 71 
3.624 	 359.7 	 -0.0 	 -0.0 	 0.2 	 71 
3.640 	 359.7 	 -0.0 	 -0.0 	 0.2 	 71 
3.646 	 359.7 	 -0.0 	 -0.0 	 0.2 	 71 
3.672 	 359.7 	 -0.0 	 -0.0 	 0.2 	 71 
3.678 	 359.7 	 -0.0 	 -0.0 	 0.2 	 71 
3.684 	 359.7 	 -0.0 	 -0.0 	 0.2 	 71 
3.692 	 359.7 	 -0.0 	 -0.0 	 0.2 	 71 
3.696 	 359.7 	 -0.0 	 -0.0 	 0.2 	 71 
3.702 	 359.7 	 -0.0 	 -0.0 	 0.2 	 71 
3.703 	 359.7 	 -0.0 	 -0.0 	 0.2 	 71 
3.705 	 359.7 	 -0.0 	 -0.0 	 0.2 	 71 
3.709 	 359.7 	 -0.0 	 -0.0 	 0.2 	 71 
3.712 	 359.7 	 -0.0 	 -0.0 	 0.2 	 71 
3.716 	 359.7 	 -0.0 	 -0.0 	 0.2 	 71 
3.718 	 359.7 	 -0.0 	 -0.0 	 0.2 	 71 
3.736 	 359.7 	 -0.0 	 -0.0 	 0.2 	 71 
3.741 	 359.7 	 -0.0 	 -0.0 	 0.2 	 71 
3.760 	 359.7 	 -0.0 	 -0.0 	 0.2 	 71 
3.762 	 359.7 	 -0.0 	 -0.0 	 0.2 	 71 
3.765 	 359.7 	 -0.0 	 -0.0 	 0.2 	 71 
3.767 	 359.7 	 -0.0 	 -0.0 	 0.2 	 71 
3.768 	 359.7 	 -0.0 	 -0.0 	 0.2 	 71 
3.773 	 359.7 	 -0.0 	 -0.0 	 0.2 	 71 
3.775 	 359.7 	 -0.0 	 -0.0 	 0.2 	 71 
3.808 	 359.7 	 -0.0 	 -0.0 	 0.2 	 71 
3.828 	 359.7 	 -0.0 	 -0.0 	 0.2 	 71 
3.882 	 359.7 	 -0.0 	 -0.0 	 0.1 	 71 
3.905 	 359.6 	 -0.0 	 -0.0 	 0.2 	 71 
3.906 	 359.6 	 -0.0 	 -0.0 	 0.2 	 71 
3.941 	 359.6 	 -0.0 	 -0.0 	 0.2 	 69 
3.942 	 359.6 	 -0.0 	 -0.0 	 0.2 	 69 
3.944 	 359.6 	 -0.0 	 -0.0 	 0.2 	 69 
3.948 	 359.6 	 -0.0 	 -0.0 	 0.2 	 69 
3.949 	 359.6 	 -0.0 	 -0.0 	 0.2 	 69 
3.952 	 359.6 	 -0.0 	 -0.0 	 0.2 	 69 
3.957 	 359.6 	 -0.0 	 -0.0 	 0.2 	 69 
3.958 	 359.6 	 -0.0 	 -0.0 	 0.2 	 69 
3.966 	 359.6 	 -0.0 	 -0.0 	 0.2 	 69 
3.971 	 359.6 	 -0.0 	 -0.0 	 0.2 	 69 
3.974 	 359.6 	 -0.0 	 -0.0 	 0.2 	 69 
3.976 	 359.6 	 -0.0 	 -0.0 	 0.2 	 69 
3.992 	 359.6 	 -0.0 	 -0.0 	 0.2 	 69 
4.006 	 359.6 	 -0.0 	 -0.0 	 0.2 	 69 
4.024 	 359.6 	 -0.0 	 -0.0 	 0.2 	 69 
4.025 	 359.6 	 -0.0 	 -0.0 	 0.2 	 69 
4.036 	 359.6 	 -0.0 	 -0.0 	 0.2 	 69 
4.038 	 359.6 	 -0.0 	 -0.0 	 0.1 	 69 
4.039 	 359.6 	 -0.0 	 -0.0 	 0.1 	 69 
4.046 	 359.6 	 -0.0 	 -0.0 	 0.1 	 69 
4.052 	 359.6 	 -0.0 	 -0.0 	 0.1 	 69 
4.054 	 359.7 	 -0.0 	 -0.0 	 0.1 	 69 
4.055 	 359.7 	 -0.0 	 -0.0 	 0.1 	 69 
4.062 	 359.7 	 -0.0 	 -0.0 	 0.1 	 69 
4.080 	 359.7 	 -0.0 	 -0.0 	 0.1 	 69 
4.082 	 359.7 	 -0.0 	 -0.0 	 0.2 	 69 
4.083 	 359.7 	 -0.0 	 -0.0 	 0.2 	 69 
4.084 	 359.7 	 -0.0 	 -0.0 	 0.2 	 69 
4.086 	 359.7 	 -0.0 	 -0.0 	 0.2 	 69 
4.098 	 359.7 	 -0.0 	 -0.0 	 0.2 	 69 
4.107 	 359.7 	 -0.0 	 -0.0 	 0.2 	 69 
4.116 	 359.7 	 -0.0 	 -0.0 	 0.2 	 69 
4.118 	 359.7 	 -0.0 	 -0.0 	 0.2 	 69 
4.119 	 359.7 	 -0.0 	 -0.0 	 0.2 	 69 
4.121 	 359.7 	 -0.0 	 -0.0 	 0.2 	 69 
4.122 	 359.7 	 -0.0 	 -0.0 	 0.2 	 69 
4.124 	 359.7 	 -0.0 	 -0.0 	 0.2 	 69 
4.125 	 359.7 	 -0.0 	 -0.0 	 0.2 	 69 
4.138 	 359.7 	 -0.0 	 -0.0 	 0.2 	 69 
4.140 	 359.7 	 -0.0 	 -0.0 	 0.2 	 69 
4.143 	 359.7 	 -0.0 	 -0.0 	 0.3 	 69 
4.145 	 359.7 	 -0.0 	 -0.0 	 0.3 	 69 
4.146 	 359.7 	 -0.0 	 -0.0 	 0.3 	 69 
4.148 	 359.7 	 -0.0 	 -0.0 	 0.3 	 69 
4.149 	 359.7 	 -0.0 	 -0.0 	 0.3 	 69 
4.151 	 359.7 	 -0.0 	 -0.0 	 0.3 	 69 
4.155 	 359.7 	 -0.0 	 -0.0 	 0.3 	 69 
4.158 	 359.7 	 -0.0 	 -0.0 	 0.3 	 69 
4.159 	 359.7 	 -0.0 	 -0.0 	 0.3 	 69 
4.161 	 359.7 	 -0.0 	 -0.0 	 0.3 	 69 
4.163 	 359.7 	 -0.0 	 -0.0 	 0.3 	 69 
4.164 	 359.7 	 -0.0 	 -0.0 	 0.3 	 69 
4.166 	 359.7 	 -0.0 	 -0.0 	 0.3 	 69 
4.167 	 359.7 	 -0.0 	 -0.0 	 0.3 	 69 
4.169 	 359.7 	 -0.0 	 -0.0 	 0.3 	 69 
4.172 	 359.7 	 -0.0 	 -0.0 	 0.3 	 69 
4.174 	 359.7 	 -0.0 	 -0.0 	 0.3 	 69 
4.176 	 359.7 	 -0.0 	 -0.0 	 0.3 	 69 
4.179 	 359.7 	 -0.0 	 -0.0 	 0.3 	 69 
4.182 	 359.7 	 -0.0 	 -0.0 	 0.2 	 69 
4.196 	 359.7 	 -0.0 	 -0.0 	 0.2 	 69 
4.197 	 359.7 	 -0.0 	 -0.0 	 0.2 	 69 
4.217 	 359.7 	 -0.0 	 -0.0 	 0.2 	 69 
4.228 	 359.7 	 -0.0 	 -0.0 	 0.2 	 69 
4.229 	 359.7 	 -0.0 	 -0.0 	 0.2 	 69 
4.244 	 359.7 	 -0.0 	 -0.0 	 0.2 	 69 
4.246 	 359.7 	 -0.0 	 -0.0 	 0.2 	 69 
4.247 	 359.7 	 -0.0 	 -0.0 	 0.2 	 69 
4.252 	 359.7 	 -0.0 	 -0.0 	 0.2 	 69 
4.260 	 359.7 	 -0.0 	 -0.0 	 0.2 	 69 
4.268 	 359.7 	 -0.0 	 -0.0 	 0.2 	 69 
4.270 	 359.7 	 -0.0 	 -0.0 	 0.2 	 69 
4.284 	 359.7 	 -0.0 	 -0.0 	 0.2 	 69 
4.286 	 359.7 	 -0.0 	 -0.0 	 0.2 	 69 
4.287 	 359.7 	 -0.0 	 -0.0 	 0.2 	 69 
4.292 	 359.7 	 -0.0 	 -0.0 	 0.2 	 69 
4.365 	 359.7 	 -0.0 	 -0.0 	 0.2 	 69 
4.411 	 359.7 	 -0.0 	 -0.0 	 0.2 	 69 
4.413 	 359.7 	 -0.0 	 -0.0 	 0.2 	 69 
4.415 	 359.7 	 -0.0 	 -0.0 	 0.2 	 69 
4.416 	 359.7 	 -0.0 	 -0.0 	 0.2 	 69 
4.419 	 359.7 	 -0.0 	 -0.0 	 0.2 	 69 
4.421 	 359.7 	 -0.0 	 -0.0 	 0.2 	 69 
4.422 	 359.7 	 -0.0 	 -0.0 	 0.2 	 69 
4.424 	 359.7 	 -0.0 	 -0.0 	 0.2 	 69 
4.432 	 359.7 	 -0.0 	 -0.0 	 0.2 	 69 
4.434 	 359.7 	 -0.0 	 -0.0 	 0.2 	 69 
4.435 	 359.7 	 -0.0 	 -0.0 	 0.2 	 69 
4.437 	 359.7 	 -0.0 	 -0.0 	 0.2 	 69 
4.438 	 359.7 	 -0.0 	 -0.0 	 0.2 	 69 
4.440 	 359.7 	 -0.0 	 -0.0 	 0.2 	 69 
4.441 	 359.7 	 -0.0 	 -0.0 	 0.2 	 69 
4.453 	 359.7 	 -0.0 	 -0.0 	 0.1 	 69 
4.455 	 359.7 	 -0.0 	 -0.0 	 0.1 	 69 
4.456 	 359.7 	 -0.0 	 -0.0 	 0.1 	 69 
4.457 	 359.7 	 -0.0 	 -0.0 	 0.1 	 69 
4.460 	 359.7 	 -0.0 	 -0.0 	 0.1 	 69 
4.462 	 359.7 	 -0.0 	 -0.0 	 0.1 	 69 
4.463 	 359.7 	 -0.0 	 -0.0 	 0.1 	 69 
4.526 	 359.7 	 -0.0 	 -0.0 	 0.2 	 69 
4.528 	 359.7 	 -0.0 	 -0.0 	 0.2 	 69 
4.529 	 359.7 	 -0.0 	 -0.0 	 0.2 	 69 
4.531 	 359.7 	 -0.0 	 -0.0 	 0.2 	 69 
4.532 	 359.7 	 -0.0 	 -0.0 	 0.2 	 69 
4.550 	 359.7 	 -0.0 	 -0.0 	 0.2 	 69 
4.552 	 359.7 	 -0.0 	 -0.0 	 0.2 	 69 
4.553 	 359.7 	 -0.0 	 -0.0 	 0.2 	 69 
4.554 	 359.7 	 -0.0 	 -0.0 	 0.2 	 69 
4.556 	 359.7 	 -0.0 	 -0.0 	 0.2 	 69 
4.564 	 359.7 	 -0.0 	 -0.0 	 0.2 	 69 
4.566 	 359.7 	 -0.0 	 -0.0 	 0.2 	 69 
4.569 	 359.7 	 -0.0 	 -0.0 	 0.2 	 69 
4.571 	 359.7 	 -0.0 	 -0.0 	 0.2 	 69 
4.572 	 359.7 	 -0.0 	 -0.0 	 0.2 	 69 
4.581 	 359.7 	 -0.0 	 -0.0 	 0.2 	 69 
4.620 	 359.7 	 -0.0 	 -0.0 	 0.2 	 69 
4.622 	 359.7 	 -0.0 	 -0.0 	 0.2 	 69 
4.623 	 359.7 	 -0.0 	 -0.0 	 0.2 	 69 
4.624 	 359.7 	 -0.0 	 -0.0 	 0.2 	 69 
4.628 	 359.7 	 -0.0 	 -0.0 	 0.2 	 69 
4.630 	 359.7 	 -0.0 	 -0.0 	 0.2 	 69 
4.631 	 359.7 	 -0.0 	 -0.0 	 0.2 	 69 
4.633 	 359.7 	 -0.0 	 -0.0 	 0.2 	 69 
4.636 	 359.7 	 -0.0 	 -0.0 	 0.2 	 69 
4.640 	 359.7 	 -0.0 	 -0.0 	 0.2 	 69 
4.641 	 359.7 	 -0.0 	 -0.0 	 0.2 	 69 
4.643 	 359.7 	 -0.0 	 -0.0 	 0.2 	 69 
4.644 	 359.7 	 -0.0 	 -0.0 	 0.2 	 69 
4.648 	 359.7 	 -0.0 	 -0.0 	 0.2 	 69 
4.649 	 359.7 	 -0.0 	 -0.0 	 0.2 	 69 
4.651 	 359.7 	 -0.0 	 -0.0 	 0.2 	 69 
4.662 	 359.7 	 -0.0 	 -0.0 	 0.2 	 69 
4.663 	 359.7 	 -0.0 	 -0.0 	 0.2 	 69 
4.665 	 359.7 	 -0.0 	 -0.0 	 0.2 	 69 
4.672 	 359.7 	 -0.0 	 -0.0 	 0.2 	 69 
4.674 	 359.7 	 -0.0 	 -0.0 	 0.2 	 69 
4.675 	 359.7 	 -0.0 	 -0.0 	 0.2 	 69 
4.677 	 359.7 	 -0.0 	 -0.0 	 0.2 	 69 
4.680 	 359.7 	 -0.0 	 -0.0 	 0.2 	 69 
4.697 	 359.7 	 -0.0 	 -0.0 	 0.2 	 69 
4.699 	 359.7 	 -0.0 	 -0.0 	 0.2 	 69 
4.701 	 359.7 	 -0.0 	 -0.0 	 0.2 	 69 
4.702 	 359.7 	 -0.0 	 -0.0 	 0.2 	 69 
4.704 	 359.7 	 -0.0 	 -0.0 	 0.2 	 69 
4.730 	 359.7 	 -0.0 	 -0.0 	 0.2 	 69 
4.731 	 359.7 	 -0.0 	 -0.0 	 0.2 	 69 
4.733 	 359.7 	 -0.0 	 -0.0 	 0.2 	 69 
4.734 	 359.7 	 -0.0 	 -0.0 	 0.2 	 69 
4.736 	 359.7 	 -0.0 	 -0.0 	 0.2 	 69 
4.738 	 359.7 	 -0.0 	 -0.0 	 0.2 	 69 
4.740 	 359.7 	 -0.0 	 -0.0 	 0.2 	 69 
4.741 	 359.7 	 -0.0 	 -0.0 	 0.2 	 69 
4.742 	 359.7 	 -0.0 	 -0.0 	 0.2 	 69 
4.744 	 359.7 	 -0.0 	 -0.0 	 0.2 	 69 
4.745 	 359.7 	 -0.0 	 -0.0 	 0.2 	 69 
4.747 	 359.7 	 -0.0 	 -0.0 	 0.2 	 69 
4.749 	 359.7 	 -0.0 	 -0.0 	 0.2 	 69 
4.750 	 359.7 	 -0.0 	 -0.0 	 0.2 	 69 
4.752 	 359.7 	 -0.0 	 -0.0 	 0.2 	 69 
4.753 	 359.7 	 -0.0 	 -0.0 	 0.2 	 69 
4.755 	 359.7 	 -0.0 	 -0.0 	 0.2 	 69 
4.756 	 359.7 	 -0.0 	 -0.0 	 0.2 	 69 
4.768 	 359.7 	 -0.0 	 -0.0 	 0.2 	 69 
4.770 	 359.7 	 -0.0 	 -0.0 	 0.2 	 69 
4.771 	 359.7 	 -0.0 	 -0.0 	 0.2 	 69 
4.773 	 359.7 	 -0.0 	 -0.0 	 0.2 	 69 
4.774 	 359.7 	 -0.0 	 -0.0 	 0.2 	 69 
4.776 	 359.7 	 -0.0 	 -0.0 	 0.2 	 69 
4.777 	 359.7 	 -0.0 	 -0.0 	 0.2 	 69 
4.799 	 359.7 	 -0.0 	 -0.0 	 0.3 	 69 
4.800 	 359.7 	 -0.0 	 -0.0 	 0.3 	 69 
4.802 	 359.7 	 -0.0 	 -0.0 	 0.3 	 69 
4.822 	 359.7 	 -0.0 	 -0.0 	 0.3 	 69 
4.824 	 359.7 	 -0.0 	 -0.0 	 0.3 	 69 
4.825 	 359.7 	 -0.0 	 -0.0 	 0.3 	 69 
